%YAML:1.0
R: !!opencv-matrix
   rows: 3
   cols: 3
   dt: d
   data: [ 9.9997219727876785e-01, -2.5095727695459958e-03,
       -7.0218739654973415e-03, 2.3746486656148732e-03,
       9.9981365571772141e-01, -1.9157632528072732e-02,
       7.0686429523544063e-03, 1.9140425410113803e-02,
       9.9979181753099577e-01 ]
T: !!opencv-matrix
   rows: 3
   cols: 1
   dt: d
   data: [ -3.0063779391084207e+01, -1.5234789020453044e-02,
       7.3784883697902481e-01 ]
R1: !!opencv-matrix
   rows: 3
   cols: 3
   dt: d
   data: [ 9.9949881030396859e-01, -2.4719328713790597e-03,
       -3.1559748871480345e-02, 2.1701130650064980e-03,
       9.9995162061485421e-01, -9.5941148112603219e-03,
       3.1581938038008329e-02, 9.5208181164200528e-03,
       9.9945581953989215e-01 ]
R2: !!opencv-matrix
   rows: 3
   cols: 3
   dt: d
   data: [ 9.9969883359155420e-01, 5.0659634690764497e-04,
       -2.4535392310441044e-02, -2.7202996298525417e-04,
       9.9995423912987780e-01, 9.5627216777721420e-03,
       2.4539113989408584e-02, -9.5531673453674443e-03,
       9.9965322431245429e-01 ]
P1: !!opencv-matrix
   rows: 3
   cols: 4
   dt: d
   data: [ 6.9988021868496321e+02, 0., 6.8598799896240234e+02, 0., 0.,
       6.9988021868496321e+02, 4.8212268447875977e+02, 0., 0., 0., 1.,
       0. ]
P2: !!opencv-matrix
   rows: 3
   cols: 4
   dt: d
   data: [ 6.9988021868496321e+02, 0., 6.8598799896240234e+02,
       -2.1047383259551963e+04, 0., 6.9988021868496321e+02,
       4.8212268447875977e+02, 0., 0., 0., 1., 0. ]
Q: !!opencv-matrix
   rows: 4
   cols: 4
   dt: d
   data: [ 1., 0., 0., -6.8598799896240234e+02, 0., 1., 0.,
       -4.8212268447875977e+02, 0., 0., 0., 6.9988021868496321e+02, 0.,
       0., 3.3252600100173287e-02, 0. ]
ValidROI1: [ 202, 162, 906, 626 ]
ValidROI2: [ 211, 178, 902, 626 ]
