%YAML:1.0
R: !!opencv-matrix
   rows: 3
   cols: 3
   dt: d
   data: [ 9.9963935085849487e-01, -2.0559570402297589e-03,
       -2.6775758735385968e-02, 2.4186652019638523e-03,
       9.9990566449107032e-01, 1.3520805349977634e-02,
       2.6745434635609820e-02, -1.3580690679045168e-02,
       9.9955002204333543e-01 ]
T: !!opencv-matrix
   rows: 3
   cols: 1
   dt: d
   data: [ 8.9996389083253732e+01, 3.1306573439990643e-01,
       1.0712005530964464e+00 ]
R1: !!opencv-matrix
   rows: 3
   cols: 3
   dt: d
   data: [ 9.9988923135880481e-01, 1.2606186379397061e-03,
       -1.4830234433342875e-02, -1.1598500948067410e-03,
       9.9997619726898435e-01, 6.8014442009620832e-03,
       1.4838455460586396e-02, -6.7834899654162662e-03,
       9.9986689339303214e-01 ]
R2: !!opencv-matrix
   rows: 3
   cols: 3
   dt: d
   data: [ 9.9992312116732796e-01, 3.4783802934762842e-03,
       1.1901790853606443e-02, -3.3974537276796114e-03,
       9.9997101971957358e-01, -6.8130044154130157e-03,
       -1.1925144156667870e-02, 6.7720448558849138e-03,
       9.9990596075096605e-01 ]
P1: !!opencv-matrix
   rows: 3
   cols: 4
   dt: d
   data: [ 8.5903511486967966e+02, 0., 6.4560386657714844e+02, 0., 0.,
       8.5903511486967966e+02, 4.8149266815185547e+02, 0., 0., 0., 1.,
       0. ]
P2: !!opencv-matrix
   rows: 3
   cols: 4
   dt: d
   data: [ 8.5903511486967966e+02, 0., 6.4560386657714844e+02,
       7.7316002398000477e+04, 0., 8.5903511486967966e+02,
       4.8149266815185547e+02, 0., 0., 0., 1., 0. ]
Q: !!opencv-matrix
   rows: 4
   cols: 4
   dt: d
   data: [ 1., 0., 0., -6.4560386657714844e+02, 0., 1., 0.,
       -4.8149266815185547e+02, 0., 0., 0., 8.5903511486967966e+02, 0.,
       0., -1.1110702677663219e-02, 0. ]
ValidROI1: [ 75, 107, 1107, 765 ]
ValidROI2: [ 110, 94, 1101, 762 ]
