%YAML:1.0
R: !!opencv-matrix
   rows: 3
   cols: 3
   dt: d
   data: [ 9.9997131617358814e-01, 8.9266413113915047e-04,
       7.5213018029353885e-03, -1.0464341408310722e-03,
       9.9979001143885937e-01, 2.0465532064285964e-02,
       -7.5014535691934180e-03, -2.0472815581506890e-02,
       9.9976226774994603e-01 ]
T: !!opencv-matrix
   rows: 3
   cols: 1
   dt: d
   data: [ 1.8641380643227365e+01, -6.0081129357592071e-02,
       -4.3722657460786712e-01 ]
R1: !!opencv-matrix
   rows: 3
   cols: 3
   dt: d
   data: [ 9.9987045461030255e-01, -1.8489566093749918e-03,
       -1.5989226274078859e-02, 2.0125092629145244e-03,
       9.9994576052204098e-01, 1.0218895266303131e-02,
       1.5969464732849638e-02, -1.0249749921517001e-02,
       9.9981994320112089e-01 ]
R2: !!opencv-matrix
   rows: 3
   cols: 3
   dt: d
   data: [ 9.9971986420610026e-01, -3.2220949527441275e-03,
       -2.3448053562122394e-02, 2.9819266453409254e-03,
       9.9994281252090311e-01, -1.0270335986123324e-02,
       2.3479804624793318e-02, 1.0197538521699958e-02,
       9.9967230079805658e-01 ]
P1: !!opencv-matrix
   rows: 3
   cols: 4
   dt: d
   data: [ 8.3031120026041663e+02, 0., 6.7090951538085938e+02, 0., 0.,
       8.3031120026041663e+02, 4.8149038696289062e+02, 0., 0., 0., 1.,
       0. ]
P2: !!opencv-matrix
   rows: 3
   cols: 4
   dt: d
   data: [ 8.3031120026041663e+02, 0., 6.7090951538085938e+02,
       1.5482484334429979e+04, 0., 8.3031120026041663e+02,
       4.8149038696289062e+02, 0., 0., 0., 1., 0. ]
Q: !!opencv-matrix
   rows: 4
   cols: 4
   dt: d
   data: [ 1., 0., 0., -6.7090951538085938e+02, 0., 1., 0.,
       -4.8149038696289062e+02, 0., 0., 0., 8.3031120026041663e+02, 0.,
       0., -5.3629067682243278e-02, 0. ]
ValidROI1: [ 108, 116, 1089, 753 ]
ValidROI2: [ 99, 96, 1090, 753 ]
