%YAML:1.0
M1: !!opencv-matrix
   rows: 3
   cols: 3
   dt: d
   data: [ 1.1736565659708688e+03, 0., 6.4350000000000000e+02, 0.,
       1.1736565659708688e+03, 4.8150000000000000e+02, 0., 0., 1. ]
D1: !!opencv-matrix
   rows: 8
   cols: 1
   dt: d
   data: [ -4.7398427191054410e-01, 3.7667494370178750e-01, 0., 0.,
       -3.0447464927353640e-01, 0., 0., -4.6840218242977953e-02 ]
M2: !!opencv-matrix
   rows: 3
   cols: 3
   dt: d
   data: [ 1.1736565659708688e+03, 0., 6.4350000000000000e+02, 0.,
       1.1736565659708688e+03, 4.8150000000000000e+02, 0., 0., 1. ]
D2: !!opencv-matrix
   rows: 8
   cols: 1
   dt: d
   data: [ -4.6440526383120861e-01, 3.0785893983158102e-01, 0., 0.,
       -1.6279339084307193e-01, 0., 0., -4.5012201994043197e-02 ]
