%YAML:1.0
M1: !!opencv-matrix
   rows: 3
   cols: 3
   dt: d
   data: [ 1.1810683118535712e+03, 0., 6.4350000000000000e+02, 0.,
       1.1810683118535712e+03, 4.8150000000000000e+02, 0., 0., 1. ]
D1: !!opencv-matrix
   rows: 8
   cols: 1
   dt: d
   data: [ -4.7943580563258115e-01, 3.1380261804602538e-01, 0., 0.,
       -1.3674610362431619e-01, 0., 0., -1.5851155335736285e-02 ]
M2: !!opencv-matrix
   rows: 3
   cols: 3
   dt: d
   data: [ 1.1810683118535712e+03, 0., 6.4350000000000000e+02, 0.,
       1.1810683118535712e+03, 4.8150000000000000e+02, 0., 0., 1. ]
D2: !!opencv-matrix
   rows: 8
   cols: 1
   dt: d
   data: [ -4.5719503263742828e-01, 2.4946888002723006e-01, 0., 0.,
       -1.9660085683143311e-01, 0., 0., -1.6493915195249734e-01 ]
