%YAML:1.0
M1: !!opencv-matrix
   rows: 3
   cols: 3
   dt: d
   data: [ 1.1615685954886678e+03, 0., 6.4350000000000000e+02, 0.,
       1.1615685954886678e+03, 4.8150000000000000e+02, 0., 0., 1. ]
D1: !!opencv-matrix
   rows: 8
   cols: 1
   dt: d
   data: [ -4.7481193726715820e-01, 3.2488113890049963e-01, 0., 0.,
       -2.3922861219579147e-01, 0., 0., -1.2696801882765307e-01 ]
M2: !!opencv-matrix
   rows: 3
   cols: 3
   dt: d
   data: [ 1.1615685954886678e+03, 0., 6.4350000000000000e+02, 0.,
       1.1615685954886678e+03, 4.8150000000000000e+02, 0., 0., 1. ]
D2: !!opencv-matrix
   rows: 8
   cols: 1
   dt: d
   data: [ -4.7297313142078079e-01, 3.2061777226683225e-01, 0., 0.,
       -6.2274084597383796e-02, 0., 0., 8.7788024932137498e-02 ]
