<?xml version="1.0"?>
<opencv_storage>
<calibration_Time>"Mon Mar  6 21:26:48 2017"</calibration_Time>
<nrOfFrames>14</nrOfFrames>
<image_Width>1288</image_Width>
<image_Height>964</image_Height>
<board_Width>8</board_Width>
<board_Height>6</board_Height>
<square_Size>10.</square_Size>
<FixAspectRatio>1.</FixAspectRatio>
<!-- flags:  +fix_aspectRatio +fix_principal_point +zero_tangent_dist -->
<flagValue>14</flagValue>
<Camera_Matrix type_id="opencv-matrix">
  <rows>3</rows>
  <cols>3</cols>
  <dt>d</dt>
  <data>
    1.1554600630638568e+03 0. 6.4350000000000000e+02 0.
    1.1554600630638568e+03 4.8150000000000000e+02 0. 0. 1.</data></Camera_Matrix>
<Distortion_Coefficients type_id="opencv-matrix">
  <rows>5</rows>
  <cols>1</cols>
  <dt>d</dt>
  <data>
    -4.8423231167766523e-01 3.4677981409652914e-01 0. 0.
    -2.3922861219579147e-01</data></Distortion_Coefficients>
<Avg_Reprojection_Error>4.5524713308132370e-01</Avg_Reprojection_Error>
<Per_View_Reprojection_Errors type_id="opencv-matrix">
  <rows>14</rows>
  <cols>1</cols>
  <dt>f</dt>
  <data>
    4.88720596e-01 5.99150360e-01 5.55369496e-01 3.19293469e-01
    2.88204700e-01 4.95457977e-01 5.65656424e-01 3.16665798e-01
    3.53024930e-01 2.98552513e-01 6.12399220e-01 4.09113973e-01
    5.62362075e-01 2.68483549e-01</data></Per_View_Reprojection_Errors>
<!-- a set of 6-tuples (rotation vector + translation vector) for each view -->
<Extrinsic_Parameters type_id="opencv-matrix">
  <rows>14</rows>
  <cols>6</cols>
  <dt>d</dt>
  <data>
    1.7717357630774675e-02 -3.5460817862340915e-01
    -3.9373488671769416e-02 -4.2344248417053052e+01
    -3.0667628798404444e+01 2.2427830298747088e+02
    1.3750873696367111e-01 -4.7505676109817138e-02
    -2.6103770221076370e-03 1.1225063132398351e+01
    -3.6082813716261676e+01 1.7355288505008957e+02
    9.5222066419555551e-02 -4.8989044022618888e-01
    3.5242845449335904e-03 -7.3774122836867605e+01
    -3.0637193397777366e+01 1.4075737917551717e+02
    8.9822542590770757e-02 -4.4859818262996337e-01
    -2.2340767435078020e-02 -1.0366538410057638e+02
    4.7033042747478717e+00 2.1929549760065024e+02
    -6.0230782995979455e-02 -2.4238912999253995e-01
    -1.3527519309725733e-01 -4.5780985625743789e+01
    -6.4600607453295460e+00 2.6187777364012470e+02
    1.0883235324204944e-01 -1.2118478707089034e-01
    1.7256897773833470e-02 5.5137054948428755e+01
    -3.2543591627811708e+01 2.7292559901704368e+02
    1.6690609271589427e-01 -2.0235904230196075e-01
    3.9023874770169609e-03 9.9360190231695739e+01
    -3.1031139411780902e+01 3.3317371896149439e+02
    1.7239317238057661e-01 1.9034939243060928e-01 2.6450902383479611e-02
    9.4774868105934416e+01 -8.1442738918922757e+01
    3.2029509199627466e+02 1.7619596616514135e-01 5.1254127172224294e-02
    -5.2875519806389278e-02 -1.4482853406126386e+00
    -8.6263811626891723e+01 2.8742754419585100e+02
    2.1103971217412990e-02 -2.3781984664386061e-01
    -3.3188564359352073e-02 -1.1165991526321486e+02
    -8.5879818019502679e+01 2.5772533673508815e+02
    3.4290977511574433e-01 -3.4320269093432143e-01
    2.2534942335303752e-02 -6.2565615066775862e+01
    -3.0546833882038325e+01 2.2686497060525380e+02
    6.3981003007535578e-02 -9.5519126019707273e-02
    -4.5442886089674178e-03 -6.8239703306344612e+00
    -4.0691434494386669e+01 2.1542801300481491e+02
    1.3671909275161973e-01 -2.1996300590304499e-01
    1.0731335177715226e-02 -3.8960287970224584e+01
    -3.6216026725784033e+01 1.6098287697102285e+02
    6.2480538178921519e-02 -4.6498630787026801e-01
    3.7554791402549018e-03 -1.2238698479621004e+02
    -7.4982828616053723e+01 2.7225260575958254e+02</data></Extrinsic_Parameters>
<Image_points type_id="opencv-matrix">
  <rows>14</rows>
  <cols>48</cols>
  <dt>"2f"</dt>
  <data>
    4.30802917e+02 3.27718231e+02 4.79162964e+02 3.27280090e+02
    5.27346924e+02 3.26161530e+02 5.73968933e+02 3.25824615e+02
    6.20334900e+02 3.25729675e+02 6.65445496e+02 3.25791504e+02
    7.08693970e+02 3.26586090e+02 7.51153198e+02 3.27168243e+02
    4.31501678e+02 3.77506104e+02 4.80081573e+02 3.76191162e+02
    5.28400452e+02 3.75288727e+02 5.75508850e+02 3.74226440e+02
    6.21505432e+02 3.73547516e+02 6.67100952e+02 3.73334656e+02
    7.10627441e+02 3.73073944e+02 7.52274658e+02 3.72977539e+02
    4.32580383e+02 4.28022095e+02 4.81724121e+02 4.25632507e+02
    5.29710266e+02 4.24408051e+02 5.77277649e+02 4.23175049e+02
    6.22888977e+02 4.21681488e+02 6.67566223e+02 4.20900635e+02
    7.11473999e+02 4.19575073e+02 7.53520325e+02 4.18950165e+02
    4.35098328e+02 4.77637451e+02 4.83530121e+02 4.75640594e+02
    5.31629822e+02 4.73637787e+02 5.79109192e+02 4.71727966e+02
    6.24910339e+02 4.69863007e+02 6.69353760e+02 4.68310150e+02
    7.13130737e+02 4.66618317e+02 7.55138611e+02 4.65079315e+02
    4.37182709e+02 5.28076477e+02 4.85704559e+02 5.25624573e+02
    5.33950989e+02 5.23389038e+02 5.80794617e+02 5.21022827e+02
    6.27122498e+02 5.18365479e+02 6.71610535e+02 5.15709900e+02
    7.15212585e+02 5.13406128e+02 7.56489319e+02 5.11174408e+02
    4.39427094e+02 5.78073547e+02 4.88398895e+02 5.75462402e+02
    5.36609558e+02 5.72903870e+02 5.83055054e+02 5.69427063e+02
    6.29101440e+02 5.66540161e+02 6.74284668e+02 5.63373352e+02
    7.17040527e+02 5.60052673e+02 7.57808594e+02 5.56974060e+02
    7.16940186e+02 2.46978256e+02 7.80537048e+02 2.48329697e+02
    8.43249023e+02 2.50166733e+02 9.03364380e+02 2.53199203e+02
    9.61624146e+02 2.56003662e+02 1.01773895e+03 2.59598511e+02
    1.06973889e+03 2.63666565e+02 1.11961597e+03 2.67667999e+02
    7.16921692e+02 3.10601257e+02 7.80635681e+02 3.11552155e+02
    8.43227478e+02 3.13287140e+02 9.03515686e+02 3.15182739e+02
    9.61586609e+02 3.17344116e+02 1.01770312e+03 3.19732330e+02
    1.07031360e+03 3.22521759e+02 1.11942615e+03 3.25559143e+02
    7.16139465e+02 3.75245911e+02 7.80843140e+02 3.75534515e+02
    8.42908936e+02 3.76540192e+02 9.03255493e+02 3.77523102e+02
    9.60443176e+02 3.78992584e+02 1.01608563e+03 3.80197449e+02
    1.06922046e+03 3.81775299e+02 1.11818469e+03 3.83536011e+02
    7.16016235e+02 4.39623901e+02 7.79983459e+02 4.39747650e+02
    8.42081726e+02 4.39962280e+02 9.02062866e+02 4.40132782e+02
    9.59540649e+02 4.40483704e+02 1.01438226e+03 4.40902039e+02
    1.06725256e+03 4.41289429e+02 1.11633911e+03 4.41591797e+02
    7.15436218e+02 5.03886078e+02 7.79245911e+02 5.03671600e+02
    8.41302979e+02 5.03451294e+02 9.00393555e+02 5.02464264e+02
    9.58163269e+02 5.01693665e+02 1.01325610e+03 5.01287659e+02
    1.06524646e+03 5.00209534e+02 1.11360413e+03 4.99352844e+02
    7.14667114e+02 5.67288879e+02 7.77703918e+02 5.66930847e+02
    8.39530518e+02 5.65697632e+02 8.98390869e+02 5.63621887e+02
    9.55558289e+02 5.62380371e+02 1.01110687e+03 5.61081482e+02
    1.06215967e+03 5.58685425e+02 1.11019812e+03 5.56279968e+02
    1.14919846e+02 2.62258484e+02 1.79491531e+02 2.61725159e+02
    2.45323380e+02 2.61538849e+02 3.11256012e+02 2.62514709e+02
    3.77230255e+02 2.63820648e+02 4.42363525e+02 2.65809479e+02
    5.05019287e+02 2.69010437e+02 5.65756042e+02 2.71742004e+02
    1.11215942e+02 3.32769562e+02 1.75792587e+02 3.31838440e+02
    2.41692108e+02 3.31602753e+02 3.08188293e+02 3.31626068e+02
    3.73801788e+02 3.32624420e+02 4.39438965e+02 3.33540955e+02
    5.02795197e+02 3.35291992e+02 5.63302307e+02 3.37144379e+02
    1.09194725e+02 4.03765320e+02 1.74204132e+02 4.03197784e+02
    2.39906235e+02 4.02300323e+02 3.06470276e+02 4.01732452e+02
    3.71529541e+02 4.01522400e+02 4.36791290e+02 4.01560883e+02
    5.00218628e+02 4.01667725e+02 5.61059692e+02 4.02120178e+02
    1.09394516e+02 4.75520691e+02 1.74113495e+02 4.74322601e+02
    2.39680939e+02 4.73358185e+02 3.05714661e+02 4.71637268e+02
    3.71247070e+02 4.70892731e+02 4.35360168e+02 4.69515625e+02
    4.98650940e+02 4.68728119e+02 5.59295898e+02 4.67469879e+02
    1.11324165e+02 5.46270447e+02 1.75615799e+02 5.45346802e+02
