<?xml version="1.0"?>
<opencv_storage>
<calibration_Time>"Mon Mar  6 21:24:30 2017"</calibration_Time>
<nrOfFrames>14</nrOfFrames>
<image_Width>1288</image_Width>
<image_Height>964</image_Height>
<board_Width>8</board_Width>
<board_Height>6</board_Height>
<square_Size>10.</square_Size>
<FixAspectRatio>1.</FixAspectRatio>
<!-- flags:  +fix_aspectRatio +fix_principal_point +zero_tangent_dist -->
<flagValue>14</flagValue>
<Camera_Matrix type_id="opencv-matrix">
  <rows>3</rows>
  <cols>3</cols>
  <dt>d</dt>
  <data>
    1.1631385438159641e+03 0. 6.4350000000000000e+02 0.
    1.1631385438159641e+03 4.8150000000000000e+02 0. 0. 1.</data></Camera_Matrix>
<Distortion_Coefficients type_id="opencv-matrix">
  <rows>5</rows>
  <cols>1</cols>
  <dt>d</dt>
  <data>
    -4.7331946886631038e-01 2.8064038950302289e-01 0. 0.
    -6.2274084597383796e-02</data></Distortion_Coefficients>
<Avg_Reprojection_Error>5.4728158902656188e-01</Avg_Reprojection_Error>
<Per_View_Reprojection_Errors type_id="opencv-matrix">
  <rows>14</rows>
  <cols>1</cols>
  <dt>f</dt>
  <data>
    5.01530647e-01 6.38498187e-01 5.56474864e-01 5.41515827e-01
    6.87757373e-01 5.97417355e-01 3.45366746e-01 3.82391930e-01
    3.61580044e-01 3.19902390e-01 3.15857500e-01 1.08112359e+00
    3.87040347e-01 4.29222316e-01</data></Per_View_Reprojection_Errors>
<!-- a set of 6-tuples (rotation vector + translation vector) for each view -->
<Extrinsic_Parameters type_id="opencv-matrix">
  <rows>14</rows>
  <cols>6</cols>
  <dt>d</dt>
  <data>
    -7.9217244431767558e-02 -9.5307718463050084e-02
    -1.6431243282637432e-02 -5.2571223049812652e+01
    -2.0615968779461809e+00 2.2071869404957698e+02
    -1.9536340054640453e-01 -1.7790003032678384e-01
    1.3125581368637314e-03 -1.1941347350975628e+01
    -3.4122396641656700e+01 2.1590535645590708e+02
    -5.8393400298926250e-03 -4.7219436601403919e-01
    -3.4555714780212438e-02 -7.0911373354338750e+01
    -6.5867575768894838e+01 2.0429213006587918e+02
    2.7691230345841072e-02 2.5055062565008257e-01
    -5.0235944189536877e-02 2.7925359883587102e+01
    -6.8109203811776069e+01 2.2141209033247196e+02
    -9.1582426446340493e-04 -1.1189893499326647e-01
    2.9768480062991086e-03 2.2641991400011725e+00
    -3.7017622717871163e+01 1.5841836487888094e+02
    7.6506196419046961e-03 -5.6843905234266467e-01
    -1.6126430548097336e-02 -6.9686577138528349e+01
    -3.1731573289028780e+01 1.6456157660809987e+02
    4.8845199724396271e-02 -3.6052008366431831e-01
    3.3790916543115043e-02 -1.0149934154860532e+02
    -1.3102678843720184e+01 2.7610672023458875e+02
    -5.2086996134603492e-02 -1.0104960486966291e-01
    -1.5960878358883750e-02 5.1136879523468991e+01
    -2.2446813072469556e+01 3.2530603639122603e+02
    1.3442595596097925e-01 1.1705432534801177e-01
    -2.2559564365477923e-02 7.1050784309625953e+01
    -8.4090146763049844e+01 3.0393138387300183e+02
    1.7189053093006243e-01 -9.4251733518309885e-02
    -2.6652104360480124e-02 -2.4882315120453338e+01
    -8.3210517024022039e+01 2.6145253087795436e+02
    3.1831563048154987e-01 -5.6483163310335160e-01
    -5.6751775792823485e-02 -1.1311677244736600e+02
    -7.9103383095283931e+01 2.3882837072484293e+02
    6.6223051226834984e-01 -2.8238701792470949e-01
    -4.9888415714929982e-02 -3.5528592962750089e+01
    -2.2879213879835824e+01 2.2972825245381102e+02
    -2.0537701610671037e-02 -1.0384394182020928e-01
    -5.8711930393688418e-02 6.3109435037745612e+01
    -2.4138064115315942e+01 3.4836160814264792e+02
    -8.7563644245420571e-04 3.1630210944688503e-01
    1.9714807064666807e-02 1.0553598809565329e+02
    -5.6128960506403160e+01 3.3362833464173713e+02</data></Extrinsic_Parameters>
<Image_points type_id="opencv-matrix">
  <rows>14</rows>
  <cols>48</cols>
  <dt>"2f"</dt>
  <data>
    3.74382965e+02 4.70821960e+02 4.24005981e+02 4.69668060e+02
    4.74713470e+02 4.69061340e+02 5.25747131e+02 4.68246857e+02
    5.77513245e+02 4.67561035e+02 6.29367554e+02 4.67188904e+02
    6.80478455e+02 4.66675568e+02 7.31240723e+02 4.65887299e+02
    3.74635773e+02 5.21919312e+02 4.24516449e+02 5.21511780e+02
    4.75243988e+02 5.21057312e+02 5.26723938e+02 5.20110779e+02
    5.78137085e+02 5.19500977e+02 6.29860840e+02 5.19077881e+02
    6.81413391e+02 5.17863586e+02 7.31716003e+02 5.17419556e+02
    3.74892517e+02 5.74071655e+02 4.25238892e+02 5.73367615e+02
    4.75806213e+02 5.73010010e+02 5.27427063e+02 5.72163147e+02
    5.79223694e+02 5.71545654e+02 6.30795349e+02 5.70816895e+02
    6.81742859e+02 5.69559082e+02 7.32734192e+02 5.68655029e+02
    3.76331665e+02 6.25187134e+02 4.26012573e+02 6.25109924e+02
    4.77255951e+02 6.24821716e+02 5.28636414e+02 6.23950256e+02
    5.79904114e+02 6.23437134e+02 6.31535461e+02 6.22257385e+02
    6.83169189e+02 6.21228577e+02 7.33512817e+02 6.19509216e+02
    3.77836945e+02 6.75810486e+02 4.27635529e+02 6.76309448e+02
    4.78659760e+02 6.76180542e+02 5.29690002e+02 6.75513977e+02
    5.81456116e+02 6.74947449e+02 6.33155518e+02 6.73564941e+02
    6.83994019e+02 6.71927124e+02 7.34258118e+02 6.70055969e+02
    3.80524231e+02 7.26214783e+02 4.29983276e+02 7.27029846e+02
    4.80442688e+02 7.27318054e+02 5.31558228e+02 7.26351257e+02
    5.83063904e+02 7.25528564e+02 6.34411682e+02 7.24494629e+02
    6.85199646e+02 7.22455505e+02 7.35215942e+02 7.19955383e+02
    5.79561218e+02 3.01134247e+02 6.32255188e+02 3.02549469e+02
    6.84447266e+02 3.03886749e+02 7.34945801e+02 3.07355164e+02
    7.84692810e+02 3.09698914e+02 8.33038086e+02 3.12727966e+02
    8.78753235e+02 3.16772888e+02 9.23492188e+02 3.20435944e+02
    5.79502014e+02 3.51325897e+02 6.32811768e+02 3.52677765e+02
    6.85427979e+02 3.53763123e+02 7.36998535e+02 3.56164734e+02
    7.87187256e+02 3.58677002e+02 8.35726501e+02 3.61392395e+02
    8.82527893e+02 3.64273956e+02 9.27224243e+02 3.67578003e+02
    5.79454102e+02 4.03228485e+02 6.33507996e+02 4.03534821e+02
    6.86824280e+02 4.05475861e+02 7.38936707e+02 4.07150604e+02
    7.89329773e+02 4.09254517e+02 8.37734619e+02 4.11490692e+02
    8.85269714e+02 4.13563782e+02 9.30651184e+02 4.15708527e+02
    5.79614136e+02 4.55656921e+02 6.34691528e+02 4.56501343e+02
    6.88012634e+02 4.57577728e+02 7.40667786e+02 4.59194519e+02
    7.91370605e+02 4.60587067e+02 8.40662292e+02 4.61910767e+02
    8.88559265e+02 4.63423767e+02 9.34068909e+02 4.65090149e+02
    5.80218445e+02 5.10041809e+02 6.35459595e+02 5.10631012e+02
    6.89675842e+02 5.11222870e+02 7.42490234e+02 5.11851990e+02
    7.93867126e+02 5.12761597e+02 8.43824097e+02 5.13419983e+02
    8.91836670e+02 5.13759766e+02 9.37214600e+02 5.15003784e+02
    5.81056702e+02 5.65557800e+02 6.36561768e+02 5.65601624e+02
    6.91492737e+02 5.65474487e+02 7.44393616e+02 5.65699890e+02
    7.96393616e+02 5.65587280e+02 8.47206909e+02 5.65465393e+02
    8.94655945e+02 5.65483704e+02 9.40021362e+02 5.65504883e+02
    2.77257324e+02 1.42441483e+02 3.25613464e+02 1.42751541e+02
    3.74171539e+02 1.43543564e+02 4.21531067e+02 1.45776917e+02
    4.68865173e+02 1.48080811e+02 5.15195129e+02 1.50892181e+02
    5.59383301e+02 1.54856964e+02 6.03190247e+02 1.58583344e+02
    2.74412415e+02 1.90022232e+02 3.23495911e+02 1.90525146e+02
    3.72386902e+02 1.91272186e+02 4.20927917e+02 1.92591278e+02
    4.68330750e+02 1.94564270e+02 5.15212219e+02 1.97125381e+02
    5.60009827e+02 1.99958084e+02 6.03575195e+02 2.03599777e+02
    2.71866638e+02 2.39813736e+02 3.21943115e+02 2.39370300e+02
    3.71423065e+02 2.39996033e+02 4.20105042e+02 2.41169601e+02
    4.68076630e+02 2.42458847e+02 5.14790833e+02 2.44668976e+02
    5.60158386e+02 2.47114487e+02 6.04700684e+02 2.49577957e+02
    2.71218536e+02 2.90127258e+02 3.21437866e+02 2.89666107e+02
    3.71182068e+02 2.89991608e+02 4.19913849e+02 2.90857605e+02
    4.68680481e+02 2.91627533e+02 5.15505188e+02 2.93291626e+02
    5.61502380e+02 2.94568604e+02 6.05862183e+02 2.96473114e+02
    2.70414520e+02 3.42473694e+02 3.21218536e+02 3.41702759e+02
