%YAML:1.0
R: !!opencv-matrix
   rows: 3
   cols: 3
   dt: d
   data: [ 9.9997303380171965e-01, 1.6190881516870994e-03,
       7.1631154494345411e-03, -1.7612731746597878e-03,
       9.9980066217006280e-01, 1.9888032610296646e-02,
       -7.1294870915855641e-03, -1.9900112508753953e-02,
       9.9977655300369483e-01 ]
T: !!opencv-matrix
   rows: 3
   cols: 1
   dt: d
   data: [ 2.9932068731994942e+01, -8.3634975177189527e-02,
       -8.3254012389924525e-01 ]
R1: !!opencv-matrix
   rows: 3
   cols: 3
   dt: d
   data: [ 9.9978569508203341e-01, -6.2076381257383231e-04,
       -2.0692475966507022e-02, 8.2642005432295143e-04,
       9.9995033866919703e-01, 9.9316275228191839e-03,
       2.0685283155646793e-02, -9.9465998033099520e-03,
       9.9973655740556144e-01 ]
R2: !!opencv-matrix
   rows: 3
   cols: 3
   dt: d
   data: [ 9.9960950699712525e-01, -2.7930684328287400e-03,
       -2.7803458232633738e-02, 2.5165469090774072e-03,
       9.9994707571921615e-01, -9.9756078633120183e-03,
       2.7829849310024770e-02, 9.9017437513649713e-03,
       9.9956363227063416e-01 ]
P1: !!opencv-matrix
   rows: 3
   cols: 4
   dt: d
   data: [ 7.9394448552247741e+02, 0., 6.7811989593505859e+02, 0., 0.,
       7.9394448552247741e+02, 4.8177828598022461e+02, 0., 0., 0., 1.,
       0. ]
P2: !!opencv-matrix
   rows: 3
   cols: 4
   dt: d
   data: [ 7.9394448552247741e+02, 0., 6.7811989593505859e+02,
       2.3773684367445196e+04, 0., 7.9394448552247741e+02,
       4.8177828598022461e+02, 0., 0., 0., 1., 0. ]
Q: !!opencv-matrix
   rows: 4
   cols: 4
   dt: d
   data: [ 1., 0., 0., -6.7811989593505859e+02, 0., 1., 0.,
       -4.8177828598022461e+02, 0., 0., 0., 7.9394448552247741e+02, 0.,
       0., -3.3395937846709009e-02, 0. ]
ValidROI1: [ 149, 140, 1014, 703 ]
ValidROI2: [ 141, 121, 1014, 704 ]
