%YAML:1.0
R: !!opencv-matrix
   rows: 3
   cols: 3
   dt: d
   data: [ 9.9943331409244163e-01, 6.2323851014124973e-03,
       3.3078815851637113e-02, -6.4291971306804510e-03,
       9.9996223967438247e-01, 5.8467640321625677e-03,
       -3.3041127499733987e-02, -6.0561209813403787e-03,
       9.9943564439747978e-01 ]
T: !!opencv-matrix
   rows: 3
   cols: 1
   dt: d
   data: [ -5.9771808377823859e+01, 1.9919390078603028e-01,
       1.7717822131869934e+00 ]
R1: !!opencv-matrix
   rows: 3
   cols: 3
   dt: d
   data: [ 9.9998937299863522e-01, 3.0780872678375822e-03,
       3.4320939043145844e-03, -3.0882201334988717e-03,
       9.9999087718989521e-01, 2.9510054881062117e-03,
       -3.4229791415533706e-03, -2.9615731892622442e-03,
       9.9998975609655172e-01 ]
R2: !!opencv-matrix
   rows: 3
   cols: 3
   dt: d
   data: [ 9.9955540654072417e-01, -3.3310911261384027e-03,
       -2.9629260657618037e-02, 3.2434739289946566e-03,
       9.9999022581752572e-01, -3.0046873856940737e-03,
       2.9638979943305103e-02, 2.9072497868568347e-03,
       9.9955644101101015e-01 ]
P1: !!opencv-matrix
   rows: 3
   cols: 4
   dt: d
   data: [ 7.8596301507084536e+02, 0., 6.6279874420166016e+02, 0., 0.,
       7.8596301507084536e+02, 4.8154152679443359e+02, 0., 0., 0., 1.,
       0. ]
P2: !!opencv-matrix
   rows: 3
   cols: 4
   dt: d
   data: [ 7.8596301507084536e+02, 0., 6.6279874420166016e+02,
       -4.6999326321944369e+04, 0., 7.8596301507084536e+02,
       4.8154152679443359e+02, 0., 0., 0., 1., 0. ]
Q: !!opencv-matrix
   rows: 4
   cols: 4
   dt: d
   data: [ 1., 0., 0., -6.6279874420166016e+02, 0., 1., 0.,
       -4.8154152679443359e+02, 0., 0., 0., 7.8596301507084536e+02, 0.,
       0., 1.6722857040269379e-02, 0. ]
ValidROI1: [ 162, 136, 1010, 698 ]
ValidROI2: [ 121, 129, 1018, 701 ]
