%YAML:1.0
M1: !!opencv-matrix
   rows: 3
   cols: 3
   dt: d
   data: [ 1.1812704297610524e+03, 0., 6.4350000000000000e+02, 0.,
       1.1812704297610524e+03, 4.8150000000000000e+02, 0., 0., 1. ]
D1: !!opencv-matrix
   rows: 8
   cols: 1
   dt: d
   data: [ -4.5013275354382182e-01, 2.1628987680229225e-01, 0., 0.,
       -1.9660085683143311e-01, 0., 0., -1.9377807880365724e-01 ]
M2: !!opencv-matrix
   rows: 3
   cols: 3
   dt: d
   data: [ 1.1812704297610524e+03, 0., 6.4350000000000000e+02, 0.,
       1.1812704297610524e+03, 4.8150000000000000e+02, 0., 0., 1. ]
D2: !!opencv-matrix
   rows: 8
   cols: 1
   dt: d
   data: [ -4.4986325371061292e-01, 1.6666799213900654e-01, 0., 0.,
       -1.3674610362431619e-01, 0., 0., -2.4960184981180605e-01 ]
