%YAML:1.0
M1: !!opencv-matrix
   rows: 3
   cols: 3
   dt: d
   data: [ 1.1805964073558218e+03, 0., 6.4350000000000000e+02, 0.,
       1.1805964073558218e+03, 4.8150000000000000e+02, 0., 0., 1. ]
D1: !!opencv-matrix
   rows: 8
   cols: 1
   dt: d
   data: [ -4.6726366227006677e-01, 3.2656997757399925e-01, 0., 0.,
       -1.9660085683143311e-01, 0., 0., 6.1901913371696761e-03 ]
M2: !!opencv-matrix
   rows: 3
   cols: 3
   dt: d
   data: [ 1.1805964073558218e+03, 0., 6.4350000000000000e+02, 0.,
       1.1805964073558218e+03, 4.8150000000000000e+02, 0., 0., 1. ]
D2: !!opencv-matrix
   rows: 8
   cols: 1
   dt: d
   data: [ -4.7734011616866440e-01, 2.8574981091374346e-01, 0., 0.,
       -3.0447464927353640e-01, 0., 0., -2.3650989719024859e-01 ]
