%YAML:1.0
M1: !!opencv-matrix
   rows: 3
   cols: 3
   dt: d
   data: [ 1.1829479040987055e+03, 0., 6.4350000000000000e+02, 0.,
       1.1829479040987055e+03, 4.8150000000000000e+02, 0., 0., 1. ]
D1: !!opencv-matrix
   rows: 8
   cols: 1
   dt: d
   data: [ -4.6156664403178077e-01, 2.7704058324288172e-01, 0., 0.,
       -1.3674610362431619e-01, 0., 0., -6.3148888749807036e-02 ]
M2: !!opencv-matrix
   rows: 3
   cols: 3
   dt: d
   data: [ 1.1829479040987055e+03, 0., 6.4350000000000000e+02, 0.,
       1.1829479040987055e+03, 4.8150000000000000e+02, 0., 0., 1. ]
D2: !!opencv-matrix
   rows: 8
   cols: 1
   dt: d
   data: [ -4.8786251160564098e-01, 4.2804280433155550e-01, 0., 0.,
       -3.0447464927353640e-01, 0., 0., -1.6406871419349288e-02 ]
