<?xml version="1.0"?>
<opencv_storage>
<calibration_Time>"Sat Mar  4 21:13:18 2017"</calibration_Time>
<nrOfFrames>14</nrOfFrames>
<image_Width>1288</image_Width>
<image_Height>964</image_Height>
<board_Width>10</board_Width>
<board_Height>7</board_Height>
<square_Size>10.</square_Size>
<FixAspectRatio>1.</FixAspectRatio>
<!-- flags:  +fix_aspectRatio +fix_principal_point +zero_tangent_dist -->
<flagValue>14</flagValue>
<Camera_Matrix type_id="opencv-matrix">
  <rows>3</rows>
  <cols>3</cols>
  <dt>d</dt>
  <data>
    1.1787463146594941e+03 0. 6.4350000000000000e+02 0.
    1.1787463146594941e+03 4.8150000000000000e+02 0. 0. 1.</data></Camera_Matrix>
<Distortion_Coefficients type_id="opencv-matrix">
  <rows>5</rows>
  <cols>1</cols>
  <dt>d</dt>
  <data>
    -4.7019109512546609e-01 3.9010286113408410e-01 0. 0.
    -3.0447464927353640e-01</data></Distortion_Coefficients>
<Avg_Reprojection_Error>4.2911427130852720e-01</Avg_Reprojection_Error>
<Per_View_Reprojection_Errors type_id="opencv-matrix">
  <rows>14</rows>
  <cols>1</cols>
  <dt>f</dt>
  <data>
    5.92270017e-01 4.51100886e-01 5.94344676e-01 8.34967494e-01
    2.40322068e-01 4.03762698e-01 3.61429900e-01 3.41082633e-01
    4.12328124e-01 2.72558182e-01 1.89799026e-01 2.13198110e-01
    2.52110541e-01 3.40833455e-01</data></Per_View_Reprojection_Errors>
<!-- a set of 6-tuples (rotation vector + translation vector) for each view -->
<Extrinsic_Parameters type_id="opencv-matrix">
  <rows>14</rows>
  <cols>6</cols>
  <dt>d</dt>
  <data>
    -7.6711363984216588e-02 2.3426138926075676e-01
    -5.6358605108154776e-02 2.0159213071353570e+01
    -8.8960973578640843e+00 2.4064566395475683e+02
    7.3888815754794057e-02 7.1153252939298262e-01 2.1424749597633089e-02
    2.8146002651920043e+01 -4.0471043195546372e+01
    2.5278010296697741e+02 8.9884148372240846e-01 2.4818703383406987e-01
    -1.1176449995777046e-01 5.7816888730548754e+00
    -6.7184043697344634e+01 1.9799674902988693e+02
    2.1875593201593882e-01 -1.8318770295422587e-01
    -5.8892717696713379e-02 -1.1562768343577682e+02
    -7.9687561194562321e+01 2.4848101388382148e+02
    -1.1686466174027996e-02 -1.0486833531426841e-03
    -6.0137385627203617e-02 -5.9916093182336041e+01
    -2.3989201029295391e+01 2.8019176019864312e+02
    6.9262039027800343e-02 -6.2326111513372452e-02
    -9.3371420098326177e-02 -1.1257991696663204e+02
    -4.3243902918929614e+01 2.6918462517730472e+02
    -2.6725253916984376e-01 3.2672422242777666e-01
    -3.3671863013387593e-02 6.5578990166939604e+01
    2.6725347482331216e+01 3.4283279481228027e+02
    -5.8046050879186928e-01 2.5423742699891738e-01
    -3.3187812820541673e-02 6.3274440271844767e+01
    -1.8836088646571429e+01 3.4130326974818377e+02
    1.9916663310646551e-01 1.1866057395068474e-01 1.6973558633307632e-02
    6.1891558804012277e+01 -1.1099608316193310e+02
    3.1399148902814028e+02 6.0209086661626304e-02
    -1.4431346068662829e-01 1.4923457129082473e-02
    -2.4444412548394116e+01 -1.1900369579525191e+02
    3.4461759391450573e+02 -5.5809215434017151e-02
    -5.4949535530511580e-02 -6.3819731678205940e-02
    -1.8286101633413981e+01 -3.6096226758625328e+01
    3.6392999164865830e+02 -1.2619384621951749e-01
    1.8387723478807103e-02 -5.4044386684706548e-02
    -1.3836362918329939e+02 -4.5579963591690245e+01
    4.0914878300846721e+02 6.5294120740339037e-02 1.0819753934021484e-01
    6.5237593637048008e-02 -1.7637308357306534e+02
    -1.5013055161445934e+02 3.8407129708096011e+02
    5.5022629749889307e-02 -1.7545342632371935e-01
    -9.7979464882872944e-02 -1.5357631165512689e+02
    -1.2745070377829200e+02 3.7041328943234356e+02</data></Extrinsic_Parameters>
<Image_points type_id="opencv-matrix">
  <rows>14</rows>
  <cols>70</cols>
  <dt>"2f"</dt>
  <data>
    7.41196960e+02 4.37974457e+02 7.89341431e+02 4.34600037e+02
    8.37635193e+02 4.31263397e+02 8.86206238e+02 4.27980255e+02
    9.34427856e+02 4.24872803e+02 9.82324463e+02 4.21725861e+02
    1.02935779e+03 4.19177765e+02 1.07570789e+03 4.16239471e+02
    1.12094641e+03 4.13638885e+02 1.16503589e+03 4.11205353e+02
    7.43732605e+02 4.86595001e+02 7.92267273e+02 4.83436279e+02
    8.40914429e+02 4.80153229e+02 8.89526672e+02 4.77099060e+02
    9.37948364e+02 4.73810974e+02 9.85903748e+02 4.70874634e+02
    1.03328369e+03 4.67817566e+02 1.07957092e+03 4.65026672e+02
    1.12487952e+03 4.62131134e+02 1.16885461e+03 4.59409058e+02
    7.46717163e+02 5.35522827e+02 7.95175110e+02 5.32549438e+02
    8.43723633e+02 5.29546143e+02 8.92569824e+02 5.26466309e+02
    9.41084351e+02 5.23450012e+02 9.89230774e+02 5.20287476e+02
    1.03652942e+03 5.17240479e+02 1.08297241e+03 5.13998535e+02
    1.12823169e+03 5.10940948e+02 1.17237524e+03 5.07672913e+02
    7.49287781e+02 5.84391052e+02 7.97630493e+02 5.81626831e+02
    8.46385315e+02 5.78921204e+02 8.95160461e+02 5.75788696e+02
    9.43859497e+02 5.72880005e+02 9.92006409e+02 5.69635010e+02
    1.03958850e+03 5.66316467e+02 1.08604407e+03 5.62934265e+02
    1.13155786e+03 5.59505432e+02 1.17534204e+03 5.56049255e+02
    7.51608887e+02 6.33085938e+02 8.00007385e+02 6.30708801e+02
    8.48767395e+02 6.27885010e+02 8.97544373e+02 6.25310852e+02
    9.46138733e+02 6.22252930e+02 9.94080750e+02 6.18983582e+02
    1.04152490e+03 6.15540344e+02 1.08783887e+03 6.11780273e+02
    1.13319727e+03 6.07986328e+02 1.17689331e+03 6.04186279e+02
    7.53869995e+02 6.81143250e+02 8.02187744e+02 6.79030151e+02
    8.50924927e+02 6.76609985e+02 8.99547974e+02 6.73868652e+02
    9.47866455e+02 6.71112610e+02 9.95861389e+02 6.67701416e+02
    1.04321338e+03 6.64135437e+02 1.08950342e+03 6.60234497e+02
    1.13467444e+03 6.56143311e+02 1.17834790e+03 6.51805603e+02
    7.56065613e+02 7.28719727e+02 8.04197937e+02 7.27008667e+02
    8.52647644e+02 7.24740234e+02 9.01147949e+02 7.22287170e+02
    9.49427734e+02 7.19376282e+02 9.97111572e+02 7.15956482e+02
    1.04418030e+03 7.12452942e+02 1.09021851e+03 7.08208252e+02
    1.13527527e+03 7.03808716e+02 1.17870984e+03 6.98948242e+02
    7.73131470e+02 2.96253998e+02 8.11150208e+02 2.94106964e+02
    8.50492432e+02 2.91990845e+02 8.92281982e+02 2.90296143e+02
    9.34603333e+02 2.88704407e+02 9.78320557e+02 2.87351471e+02
    1.02403503e+03 2.86302948e+02 1.06991492e+03 2.85445648e+02
    1.11678125e+03 2.84773804e+02 1.16465955e+03 2.84665405e+02
    7.73167175e+02 3.41555145e+02 8.11665955e+02 3.40363647e+02
    8.51634277e+02 3.39418274e+02 8.92941956e+02 3.38514435e+02
    9.35623718e+02 3.37843445e+02 9.79698853e+02 3.37554932e+02
    1.02528137e+03 3.37433105e+02 1.07170459e+03 3.37467743e+02
    1.11914661e+03 3.37731354e+02 1.16693555e+03 3.38210175e+02
    7.73883484e+02 3.87336823e+02 8.11986328e+02 3.87259644e+02
    8.51710571e+02 3.87245758e+02 8.93278198e+02 3.87381348e+02
    9.36022583e+02 3.87678802e+02 9.80335205e+02 3.88204315e+02
    1.02588696e+03 3.89003326e+02 1.07257239e+03 3.89881958e+02
    1.11985229e+03 3.90959961e+02 1.16776782e+03 3.92148895e+02
    7.73860596e+02 4.33277771e+02 8.11881897e+02 4.33883575e+02
    8.51643494e+02 4.35212189e+02 8.92399719e+02 4.36141174e+02
    9.35289490e+02 4.37584839e+02 9.79170654e+02 4.39027100e+02
    1.02464099e+03 4.40580383e+02 1.07132300e+03 4.42293518e+02
    1.11893506e+03 4.44229706e+02 1.16745117e+03 4.46230255e+02
    7.73796204e+02 4.78836273e+02 8.11738464e+02 4.80945282e+02
    8.51494446e+02 4.82996948e+02 8.92430420e+02 4.85286163e+02
    9.35049316e+02 4.87582458e+02 9.79479614e+02 4.89781219e+02
    1.02500171e+03 4.92351929e+02 1.07153870e+03 4.94786499e+02
    1.11874866e+03 4.97466309e+02 1.16676843e+03 5.00055450e+02
    7.73514893e+02 5.24200989e+02 8.11442322e+02 5.27258240e+02
    8.51180542e+02 5.30299988e+02 8.92164307e+02 5.33554993e+02
    9.34617249e+02 5.36912964e+02 9.78377563e+02 5.40231812e+02
    1.02356885e+03 5.43603088e+02 1.06957581e+03 5.46934814e+02
    1.11675671e+03 5.50314453e+02 1.16452063e+03 5.53524719e+02
