<?xml version="1.0"?>
<opencv_storage>
<calibration_Time>"Sun Mar  5 20:24:36 2017"</calibration_Time>
<nrOfFrames>14</nrOfFrames>
<image_Width>1288</image_Width>
<image_Height>964</image_Height>
<board_Width>10</board_Width>
<board_Height>7</board_Height>
<square_Size>10.</square_Size>
<FixAspectRatio>1.</FixAspectRatio>
<!-- flags:  +fix_aspectRatio +fix_principal_point +zero_tangent_dist -->
<flagValue>14</flagValue>
<Camera_Matrix type_id="opencv-matrix">
  <rows>3</rows>
  <cols>3</cols>
  <dt>d</dt>
  <data>
    1.1738451289418194e+03 0. 6.4350000000000000e+02 0.
    1.1738451289418194e+03 4.8150000000000000e+02 0. 0. 1.</data></Camera_Matrix>
<Distortion_Coefficients type_id="opencv-matrix">
  <rows>5</rows>
  <cols>1</cols>
  <dt>d</dt>
  <data>
    -4.7445436363906635e-01 3.4666307308024880e-01 0. 0.
    -1.9660085683143311e-01</data></Distortion_Coefficients>
<Avg_Reprojection_Error>4.1201883263431555e-01</Avg_Reprojection_Error>
<Per_View_Reprojection_Errors type_id="opencv-matrix">
  <rows>14</rows>
  <cols>1</cols>
  <dt>f</dt>
  <data>
    3.61252397e-01 3.02335471e-01 3.97756368e-01 2.57136554e-01
    3.07180077e-01 2.66790062e-01 3.69865477e-01 4.35632288e-01
    3.95416081e-01 5.02795041e-01 4.86524671e-01 3.23482305e-01
    6.41612649e-01 5.25462449e-01</data></Per_View_Reprojection_Errors>
<!-- a set of 6-tuples (rotation vector + translation vector) for each view -->
<Extrinsic_Parameters type_id="opencv-matrix">
  <rows>14</rows>
  <cols>6</cols>
  <dt>d</dt>
  <data>
    -2.6805326194222273e-01 7.8430343854482487e-01
    2.9953778855495203e+00 3.8608587235678499e+01 7.6808207537980408e+01
    3.2078788036302615e+02 -3.4764364586406676e-01
    7.1937958471947960e-01 2.9317542264121177e+00
    -5.2056534486215241e+01 7.4346020665144025e+01
    2.9422943510242715e+02 -6.0290737573411579e-01
    -9.2485222232018527e-01 -2.8700187893962963e+00
    1.2364559308634612e+02 6.5173945512116148e+01 2.3738958337791223e+02
    -2.4989586054851221e-01 -1.2940705844062905e-01
    -3.0670198087099929e+00 1.3360959224849341e+02
    7.7284808760354924e+00 2.6133981452867602e+02 1.5255275583736189e-01
    -9.8422547473929950e-02 -3.1066375451306061e+00
    4.7268612298278690e+01 1.1887504127663018e+01 2.6540881034364736e+02
    -3.6988241375789116e-01 9.7603781294697406e-02
    3.1037252720811468e+00 -3.7853661326015839e+01
    1.5190945280316964e+01 2.7257823043111722e+02 5.1365046235883371e-01
    -2.8869088518016239e-01 -3.1128662040349520e+00
    -4.1225725240457102e+01 -3.3264870037453825e+01
    2.5726277837637582e+02 -3.0742426904189074e-01
    -1.4071877328616440e-02 -3.1176781351822891e+00
    4.2869085331718615e+01 -2.5465059494426988e+01
    2.1274520679498980e+02 3.3988166457289160e-01 8.1634413972507661e-02
    3.1218314075267957e+00 1.0768631972086941e+02
    -2.0921806909595222e+01 2.1277401357450913e+02
    -1.9523310159338891e-01 -3.6807368942643998e-01
    -3.0912793947394603e+00 8.1079893967120299e+01
    3.3151833072395533e+01 1.7138814085788275e+02
    -2.1348252057618405e-01 1.4704454035347636e-01
    3.1101867646067993e+00 1.5532473928420348e+01 2.3414315146090679e+01
    1.5619515964530353e+02 8.3266928926732889e-02 9.6609053358963604e-01
    2.9893046424322982e+00 1.2811888593350866e+02 8.2020831644408844e+01
    3.1026112708702584e+02 -1.8884497094899028e-01
    -9.5721925010963793e-01 2.9564643473033616e+00
    6.3577852996914800e+01 7.1739465116552044e+00 2.0703695771736616e+02
    -4.3128671687847488e-02 -4.0644755095214187e-03
    3.0789376021557056e+00 4.7609280247081166e+01 2.1364850584294935e+01
    1.3754400881370512e+02</data></Extrinsic_Parameters>
<Image_points type_id="opencv-matrix">
  <rows>14</rows>
  <cols>70</cols>
  <dt>"2f"</dt>
  <data>
    7.80257874e+02 7.53596924e+02 7.46239136e+02 7.55460632e+02
    7.11689331e+02 7.57026367e+02 6.76197144e+02 7.58343445e+02
    6.40556458e+02 7.59561218e+02 6.04651062e+02 7.60323914e+02
    5.68351318e+02 7.61249268e+02 5.31838440e+02 7.61559143e+02
    4.95530731e+02 7.61624512e+02 4.58867889e+02 7.61588135e+02
    7.76254211e+02 7.20921631e+02 7.42582092e+02 7.22085815e+02
    7.08178650e+02 7.23582642e+02 6.73475891e+02 7.24517151e+02
    6.37863281e+02 7.25555115e+02 6.02189819e+02 7.26092957e+02
    5.66123047e+02 7.27030762e+02 5.29952332e+02 7.27370361e+02
    4.93817352e+02 7.27493958e+02 4.57700073e+02 7.27434998e+02
    7.72506470e+02 6.87955078e+02 7.39103699e+02 6.89487976e+02
    7.04975037e+02 6.90201965e+02 6.70208618e+02 6.91451599e+02
    6.35391968e+02 6.91813721e+02 5.99801086e+02 6.92580994e+02
    5.64097473e+02 6.93230469e+02 5.28332031e+02 6.93429199e+02
    4.92559631e+02 6.93483704e+02 4.56773468e+02 6.93458557e+02
    7.68658813e+02 6.55782288e+02 7.35553833e+02 6.57135925e+02
    7.01674683e+02 6.57640747e+02 6.67467346e+02 6.58252991e+02
    6.32580688e+02 6.59212952e+02 5.97669678e+02 6.59535828e+02
    5.62276306e+02 6.59657349e+02 5.27030029e+02 6.59761353e+02
    4.91522552e+02 6.59777466e+02 4.55889252e+02 6.59746033e+02
    7.64682800e+02 6.24499878e+02 7.31764099e+02 6.25368042e+02
    6.98485474e+02 6.25621399e+02 6.64615845e+02 6.25728577e+02
    6.30265991e+02 6.25794556e+02 5.95729614e+02 6.25890503e+02
    5.60708862e+02 6.25931580e+02 5.25690063e+02 6.26048218e+02
    4.90501160e+02 6.26010864e+02 4.55538116e+02 6.25954529e+02
    7.60817993e+02 5.93625183e+02 7.28312866e+02 5.93897339e+02
    6.95261475e+02 5.94136169e+02 6.61645813e+02 5.94498779e+02
    6.27659851e+02 5.94814270e+02 5.93511963e+02 5.95037109e+02
    5.58834229e+02 5.95202881e+02 5.24103943e+02 5.95283630e+02
    4.89545593e+02 5.95279480e+02 4.55003845e+02 5.95234863e+02
    7.57021362e+02 5.63392639e+02 7.24764404e+02 5.63517029e+02
    6.91946350e+02 5.63545776e+02 6.58773315e+02 5.63542358e+02
    6.25291138e+02 5.63526001e+02 5.91481812e+02 5.63517517e+02
    5.57427063e+02 5.63467590e+02 5.23136414e+02 5.63506775e+02
    4.88667816e+02 5.63233154e+02 4.54399414e+02 5.63395813e+02
    4.44549072e+02 7.65630798e+02 4.07234955e+02 7.67731018e+02
    3.69799805e+02 7.69652588e+02 3.32720612e+02 7.71555359e+02
    2.96034943e+02 7.73087891e+02 2.59774689e+02 7.73825256e+02
    2.24068909e+02 7.74765564e+02 1.89205475e+02 7.75386597e+02
    1.54831238e+02 7.75484802e+02 1.21327065e+02 7.75534607e+02
    4.40379211e+02 7.29836182e+02 4.03409760e+02 7.31800415e+02
    3.66396301e+02 7.33784424e+02 3.29639618e+02 7.35498657e+02
    2.93334167e+02 7.37044373e+02 2.57392517e+02 7.37842224e+02
    2.21839340e+02 7.39132080e+02 1.87332077e+02 7.39601685e+02
    1.53403030e+02 7.40073975e+02 1.20088425e+02 7.40362732e+02
    4.36590332e+02 6.94214172e+02 3.99801453e+02 6.96358826e+02
    3.63331329e+02 6.98011169e+02 3.26832581e+02 6.99800598e+02
    2.90744843e+02 7.01443176e+02 2.55291733e+02 7.02483215e+02
    2.20133057e+02 7.03533936e+02 1.85724854e+02 7.04395508e+02
    1.52011139e+02 7.05115173e+02 1.19326309e+02 7.05588379e+02
    4.33166962e+02 6.59424255e+02 3.96600464e+02 6.61408325e+02
    3.60276093e+02 6.63300720e+02 3.24285492e+02 6.64704224e+02
    2.88636993e+02 6.66092163e+02 2.53544754e+02 6.67512390e+02
    2.18834167e+02 6.68684265e+02 1.84768066e+02 6.69613770e+02
    1.51477982e+02 6.70525269e+02 1.18955933e+02 6.71408447e+02
    4.29726746e+02 6.25316772e+02 3.93673157e+02 6.27056824e+02
    3.57808960e+02 6.28457458e+02 3.22021454e+02 6.29767212e+02
    2.86733612e+02 6.31325684e+02 2.51762344e+02 6.32266418e+02
    2.17429794e+02 6.33515137e+02 1.83597992e+02 6.34700867e+02
    1.50444519e+02 6.35645020e+02 1.18158806e+02 6.36671936e+02
    4.26487152e+02 5.91597168e+02 3.91081085e+02 5.93359985e+02
    3.55536499e+02 5.94904663e+02 3.20202850e+02 5.96298401e+02
    2.85441498e+02 5.97781555e+02 2.51091797e+02 5.99436890e+02
    2.17084061e+02 6.00700195e+02 1.83616821e+02 6.01903381e+02
    1.51067505e+02 6.03413452e+02 1.19173927e+02 6.04395935e+02
    4.23770721e+02 5.58312012e+02 3.88499512e+02 5.59907288e+02
