<?xml version="1.0"?>
<opencv_storage>
<calibration_Time>"Sun Mar  5 20:22:22 2017"</calibration_Time>
<nrOfFrames>14</nrOfFrames>
<image_Width>1288</image_Width>
<image_Height>964</image_Height>
<board_Width>10</board_Width>
<board_Height>7</board_Height>
<square_Size>10.</square_Size>
<FixAspectRatio>1.</FixAspectRatio>
<!-- flags:  +fix_aspectRatio +fix_principal_point +zero_tangent_dist -->
<flagValue>14</flagValue>
<Camera_Matrix type_id="opencv-matrix">
  <rows>3</rows>
  <cols>3</cols>
  <dt>d</dt>
  <data>
    1.1596614848925881e+03 0. 6.4350000000000000e+02 0.
    1.1596614848925881e+03 4.8150000000000000e+02 0. 0. 1.</data></Camera_Matrix>
<Distortion_Coefficients type_id="opencv-matrix">
  <rows>5</rows>
  <cols>1</cols>
  <dt>d</dt>
  <data>
    -4.5890803112718026e-01 2.9449632545151661e-01 0. 0.
    -1.3674610362431619e-01</data></Distortion_Coefficients>
<Avg_Reprojection_Error>4.2983588462939093e-01</Avg_Reprojection_Error>
<Per_View_Reprojection_Errors type_id="opencv-matrix">
  <rows>14</rows>
  <cols>1</cols>
  <dt>f</dt>
  <data>
    4.43145663e-01 4.13700551e-01 4.69391137e-01 4.09668088e-01
    3.71238708e-01 4.72601265e-01 3.50271940e-01 3.98621202e-01
    4.36330825e-01 5.06261349e-01 5.23029566e-01 3.59529197e-01
    3.50696385e-01 4.64422822e-01</data></Per_View_Reprojection_Errors>
<!-- a set of 6-tuples (rotation vector + translation vector) for each view -->
<Extrinsic_Parameters type_id="opencv-matrix">
  <rows>14</rows>
  <cols>6</cols>
  <dt>d</dt>
  <data>
    -3.6564352503213926e-01 2.4818212753499663e-01
    3.0771646195719580e+00 -2.7124246595966763e+01
    5.7618817058369658e+01 2.8021393418184465e+02 1.1389156317045501e-01
    5.4463701191105374e-01 3.0829204623254860e+00 3.4005451603368066e+01
    6.4135151283054881e+01 2.4787356271562675e+02
    -6.6202215333315029e-01 -6.5550890527278294e-01
    -2.9396383355555784e+00 1.0464407116113992e+02
    5.4690617537694862e+01 1.9408452368315034e+02
    -4.7164031637772480e-01 -2.4297357628826491e-01
    -3.0424626040265705e+00 1.0439687440182732e+02
    1.8407892396580738e+01 2.0454362031341694e+02
    -2.0834002395212800e-01 -2.2560230566937889e-01
    -3.1119533341367434e+00 3.8900154634636777e+01
    2.0537188812441013e+01 2.2464020502565430e+02
    -6.3522429801683011e-01 2.5768182605419776e-01
    3.0405502074337045e+00 -4.5460649556631310e+01
    2.2889567283913468e+01 2.5616524140462252e+02 2.2775637702407306e-01
    -2.5598298077123038e-01 -3.1014114283564638e+00
    -6.0567638046290554e+01 -3.7975577585419565e+01
    2.6221722021802634e+02 -6.8527460682414984e-02
    -1.9953378275814856e-01 -3.1128389790101738e+00
    3.1625094022355444e+01 -2.5654777347910350e+01
    2.1551190621824571e+02 -4.5800546519763968e-01
    -2.2197358567301226e-01 -3.0356143396852380e+00
    1.0433737026502656e+02 -2.5017524646958890e+01
    2.0005568272115445e+02 -2.8132564835093427e-01
    2.9379416892196728e-02 -3.1262341291844304e+00
    7.6255308267754998e+01 3.3288081644018803e+01 1.7050593026391238e+02
    2.0439796548955305e-01 -1.3271673837502035e-01
    -3.1181047125927068e+00 -1.5306371098512552e+00
    1.7039522902297165e+01 1.7950926709521983e+02 7.5061303200200866e-02
    5.7611040641366396e-01 3.0553366222858340e+00
    -3.8309227887875068e+01 8.4190877396764876e+01
    3.1309586618115782e+02 -4.4436179855303520e-01
    -7.6488609773296989e-01 -2.9804266281222409e+00
    1.0442954205974314e+02 7.3242336229068428e+01 2.6565788543698727e+02
    -3.7660777335929396e-01 -8.3281252400282790e-01
    -2.9055697319211902e+00 3.5822590215091644e+01
    -2.6190969838968623e+01 2.9566961005844917e+02</data></Extrinsic_Parameters>
<Image_points type_id="opencv-matrix">
  <rows>14</rows>
  <cols>70</cols>
  <dt>"2f"</dt>
  <data>
    5.34516052e+02 7.15177917e+02 4.94592926e+02 7.16748657e+02
    4.54284119e+02 7.17769653e+02 4.13937195e+02 7.19151428e+02
    3.73949646e+02 7.19690552e+02 3.34314728e+02 7.20245422e+02
    2.95159058e+02 7.20414062e+02 2.56322968e+02 7.20467529e+02
    2.18212952e+02 7.19946777e+02 1.80948868e+02 7.19544373e+02
    5.31906250e+02 6.75196228e+02 4.91937592e+02 6.76545227e+02
    4.51715851e+02 6.77591675e+02 4.11610931e+02 6.78683044e+02
    3.71555695e+02 6.79407349e+02 3.31843475e+02 6.79612793e+02
    2.92723297e+02 6.79911743e+02 2.53853638e+02 6.79934448e+02
    2.15824081e+02 6.79696472e+02 1.78734100e+02 6.79454102e+02
    5.29609253e+02 6.35047607e+02 4.89651733e+02 6.35888123e+02
    4.49597900e+02 6.37209778e+02 4.09500488e+02 6.37781799e+02
    3.69520203e+02 6.38702209e+02 3.29783691e+02 6.39232117e+02
    2.90791229e+02 6.39399719e+02 2.51937256e+02 6.39550781e+02
    2.13971970e+02 6.39463562e+02 1.77015610e+02 6.39381409e+02
    5.27605469e+02 5.94621155e+02 4.87747955e+02 5.95554993e+02
    4.47620209e+02 5.96637817e+02 4.07663330e+02 5.97352966e+02
    3.67664948e+02 5.97755005e+02 3.28368347e+02 5.98414734e+02
    2.89371399e+02 5.98938904e+02 2.50705902e+02 5.99146484e+02
    2.12910965e+02 5.99206970e+02 1.75667679e+02 5.99249573e+02
    5.25684021e+02 5.54692749e+02 4.85809113e+02 5.55395508e+02
    4.46152893e+02 5.56000854e+02 4.06304047e+02 5.56833862e+02
    3.66561371e+02 5.57268860e+02 3.27204712e+02 5.57533447e+02
    2.87748901e+02 5.57786743e+02 2.49426468e+02 5.58407410e+02
    2.11506668e+02 5.58679688e+02 1.74509720e+02 5.58962524e+02
    5.23959595e+02 5.15035828e+02 4.84591095e+02 5.15494568e+02
    4.44948669e+02 5.15908264e+02 4.05192902e+02 5.16691223e+02
    3.65452454e+02 5.17312622e+02 3.26152832e+02 5.17557373e+02
    2.87436218e+02 5.18070679e+02 2.49325195e+02 5.18688293e+02
    2.11491577e+02 5.19303223e+02 1.74819778e+02 5.19574036e+02
    5.22671143e+02 4.75390228e+02 4.83302765e+02 4.75614746e+02
    4.43482758e+02 4.76162598e+02 4.03925934e+02 4.76785309e+02
    3.64766632e+02 4.77201843e+02 3.25528748e+02 4.77537598e+02
    2.87192169e+02 4.77900116e+02 2.49093185e+02 4.78823242e+02
    2.11434052e+02 4.79314270e+02 1.75090347e+02 4.79870544e+02
    7.97327698e+02 7.70584900e+02 7.52299011e+02 7.71620972e+02
    7.07209106e+02 7.72720642e+02 6.61823303e+02 7.73284912e+02
    6.17249207e+02 7.73306091e+02 5.72644226e+02 7.73032654e+02
    5.28834656e+02 7.71832703e+02 4.85532013e+02 7.71107971e+02
    4.43370697e+02 7.69432739e+02 4.01734955e+02 7.67580566e+02
    7.96544067e+02 7.27118042e+02 7.51651123e+02 7.28191162e+02
    7.06992065e+02 7.29199036e+02 6.61804077e+02 7.29503845e+02
    6.17364685e+02 7.29632019e+02 5.73230713e+02 7.29540100e+02
    5.29412170e+02 7.29238342e+02 4.86699768e+02 7.28383301e+02
    4.44592072e+02 7.27345459e+02 4.03458984e+02 7.25745422e+02
    7.95503296e+02 6.83474854e+02 7.51285339e+02 6.84822815e+02
    7.06713318e+02 6.85471191e+02 6.61768921e+02 6.86129639e+02
    6.17498718e+02 6.86550964e+02 5.73530212e+02 6.86631897e+02
    5.30290771e+02 6.86270935e+02 4.87513763e+02 6.85650330e+02
    4.45636749e+02 6.85144836e+02 4.05235657e+02 6.84102905e+02
    7.94679810e+02 6.40394104e+02 7.50591553e+02 6.41470154e+02
    7.06075562e+02 6.42524475e+02 6.61764465e+02 6.43219971e+02
    6.17680237e+02 6.43490723e+02 5.74353455e+02 6.43627563e+02
    5.31369995e+02 6.43647583e+02 4.89168335e+02 6.43547546e+02
    4.47494904e+02 6.43381104e+02 4.07255859e+02 6.43038269e+02
    7.93356628e+02 5.97692688e+02 7.49485657e+02 5.99088318e+02
    7.05612061e+02 5.99625183e+02 6.61635681e+02 6.00311279e+02
    6.17989929e+02 6.00816833e+02 5.74866821e+02 6.01136108e+02
    5.31695496e+02 6.01292725e+02 4.89605255e+02 6.01365540e+02
    4.48601837e+02 6.01354675e+02 4.08235565e+02 6.01373291e+02
    7.91815063e+02 5.56114868e+02 7.48885803e+02 5.57268860e+02
    7.05301819e+02 5.57769287e+02 6.61635498e+02 5.58919312e+02
    6.18742981e+02 5.59419983e+02 5.75626038e+02 5.59809753e+02
    5.33445435e+02 5.60777893e+02 4.91736328e+02 5.61305298e+02
    4.51287323e+02 5.61524963e+02 4.11398499e+02 5.61759033e+02
    7.90653625e+02 5.15155762e+02 7.47509705e+02 5.15695862e+02
