%YAML:1.0
R: !!opencv-matrix
   rows: 3
   cols: 3
   dt: d
   data: [ 9.9958055444561911e-01, 2.7102226213931266e-03,
       2.8833485178365932e-02, -3.1349997276357124e-03,
       9.9988707735500104e-01, 1.4697085261434239e-02,
       -2.8790396852010965e-02, -1.4781313602539949e-02,
       9.9947617571270153e-01 ]
T: !!opencv-matrix
   rows: 3
   cols: 1
   dt: d
   data: [ -8.9314138694189879e+01, 3.0983606330296071e-01,
       1.7157660157554364e+00 ]
R1: !!opencv-matrix
   rows: 3
   cols: 3
   dt: d
   data: [ 9.9995399558845821e-01, -4.7439889513122252e-04,
       9.5802741279114624e-03, 4.0367277370562257e-04,
       9.9997266337458879e-01, 7.3830584328542911e-03,
       -9.5835147503095294e-03, -7.3788514837656322e-03,
       9.9992685172257034e-01 ]
R2: !!opencv-matrix
   rows: 3
   cols: 3
   dt: d
   data: [ 9.9980951629587811e-01, -3.4683987228855727e-03,
       -1.9206804380261285e-02, 3.3265312939026854e-03,
       9.9996698774175607e-01, -7.4133404231283805e-03,
       1.9231882740730937e-02, 7.3480362667578637e-03,
       9.9978804806282284e-01 ]
P1: !!opencv-matrix
   rows: 3
   cols: 4
   dt: d
   data: [ 9.3081758256107616e+02, 0., 6.5004503631591797e+02, 0., 0.,
       9.3081758256107616e+02, 4.8154334640502930e+02, 0., 0., 0., 1.,
       0. ]
P2: !!opencv-matrix
   rows: 3
   cols: 4
   dt: d
   data: [ 9.3081758256107616e+02, 0., 6.5004503631591797e+02,
       -8.3151009580156810e+04, 0., 9.3081758256107616e+02,
       4.8154334640502930e+02, 0., 0., 0., 1., 0. ]
Q: !!opencv-matrix
   rows: 4
   cols: 4
   dt: d
   data: [ 1., 0., 0., -6.5004503631591797e+02, 0., 1., 0.,
       -4.8154334640502930e+02, 0., 0., 0., 9.3081758256107616e+02, 0.,
       0., 1.1194302838425270e-02, 0. ]
ValidROI1: [ 74, 78, 1179, 825 ]
ValidROI2: [ 109, 62, 1085, 824 ]
