%YAML:1.0
R: !!opencv-matrix
   rows: 3
   cols: 3
   dt: d
   data: [ 9.9997436332920842e-01, -2.7484824733859060e-03,
       -6.6119988231739639e-03, 2.6308080805789468e-03,
       9.9983916483928648e-01, -1.7740442562719873e-02,
       6.6596946767343550e-03, 1.7722592856901410e-02,
       9.9982076302167333e-01 ]
T: !!opencv-matrix
   rows: 3
   cols: 1
   dt: d
   data: [ -3.0013671570878085e+01, -3.5820312766262186e-01,
       5.2205440298254868e-01 ]
R1: !!opencv-matrix
   rows: 3
   cols: 3
   dt: d
   data: [ 9.9966753011152587e-01, 8.8740244639730591e-03,
       -2.4209108420889195e-02, -9.0875664553314722e-03,
       9.9992064196123998e-01, -8.7250166613992777e-03,
       2.4129761222222958e-02, 8.9421177376820850e-03,
       9.9966884174396664e-01 ]
R2: !!opencv-matrix
   rows: 3
   cols: 3
   dt: d
   data: [ 9.9977758245983672e-01, 1.1932010922365939e-02,
       -1.7390018002086276e-02, -1.1777908039690451e-02,
       9.9989069757776639e-01, 8.9372131929574290e-03,
       1.7494756156429841e-02, -8.7304073671459984e-03,
       9.9980883847575119e-01 ]
P1: !!opencv-matrix
   rows: 3
   cols: 4
   dt: d
   data: [ 8.4012436636943573e+02, 0., 6.7120464324951172e+02, 0., 0.,
       8.4012436636943573e+02, 4.8100562286376953e+02, 0., 0., 0., 1.,
       0. ]
P2: !!opencv-matrix
   rows: 3
   cols: 4
   dt: d
   data: [ 8.4012436636943573e+02, 0., 6.7120464324951172e+02,
       -2.5220826365065303e+04, 0., 8.4012436636943573e+02,
       4.8100562286376953e+02, 0., 0., 0., 1., 0. ]
Q: !!opencv-matrix
   rows: 4
   cols: 4
   dt: d
   data: [ 1., 0., 0., -6.7120464324951172e+02, 0., 1., 0.,
       -4.8100562286376953e+02, 0., 0., 0., 8.4012436636943573e+02, 0.,
       0., 3.3310739077651169e-02, 0. ]
ValidROI1: [ 127, 100, 1037, 746 ]
ValidROI2: [ 111, 118, 1081, 746 ]
