%YAML:1.0
R: !!opencv-matrix
   rows: 3
   cols: 3
   dt: d
   data: [ 9.9997274200534347e-01, -1.8265803463465822e-03,
       -7.1539395128186059e-03, 1.9587243591474464e-03,
       9.9982678876731279e-01, 1.8508264697921082e-02,
       7.1188935375948231e-03, -1.8521772795328469e-02,
       9.9980311326146543e-01 ]
T: !!opencv-matrix
   rows: 3
   cols: 1
   dt: d
   data: [ -2.9646134046187498e+01, 4.9199696208840615e-01,
       1.1852903500149825e+00 ]
R1: !!opencv-matrix
   rows: 3
   cols: 3
   dt: d
   data: [ 9.9872029105667037e-01, -1.7662293820699906e-02,
       -4.7390121424941103e-02, 1.8099824878457155e-02,
       9.9979728736979367e-01, 8.8193257889281548e-03,
       4.7224745325396736e-02, -9.6657925176021828e-03,
       9.9883752226473654e-01 ]
R2: !!opencv-matrix
   rows: 3
   cols: 3
   dt: d
   data: [ 9.9906435560525686e-01, -1.6580125662347445e-02,
       -3.9943870519438179e-02, 1.6210028514849876e-02,
       9.9982279423325537e-01, -9.5715780910460707e-03,
       4.0095490202772553e-02, 8.9151312175427717e-03,
       9.9915607994986111e-01 ]
P1: !!opencv-matrix
   rows: 3
   cols: 4
   dt: d
   data: [ 8.7629387355791437e+02, 0., 7.0403582763671875e+02, 0., 0.,
       8.7629387355791437e+02, 4.8217319869995117e+02, 0., 0., 0., 1.,
       0. ]
P2: !!opencv-matrix
   rows: 3
   cols: 4
   dt: d
   data: [ 8.7629387355791437e+02, 0., 7.0403582763671875e+02,
       -2.6003055252243768e+04, 0., 8.7629387355791437e+02,
       4.8217319869995117e+02, 0., 0., 0., 1., 0. ]
Q: !!opencv-matrix
   rows: 4
   cols: 4
   dt: d
   data: [ 1., 0., 0., -7.0403582763671875e+02, 0., 1., 0.,
       -4.8217319869995117e+02, 0., 0., 0., 8.7629387355791437e+02, 0.,
       0., 3.3699650485582849e-02, 0. ]
ValidROI1: [ 105, 115, 1085, 755 ]
ValidROI2: [ 113, 96, 1087, 755 ]
