%YAML:1.0
R: !!opencv-matrix
   rows: 3
   cols: 3
   dt: d
   data: [ 9.9926480012216734e-01, 6.1802166849122360e-03,
       3.7837338153370065e-02, -6.0288663420973495e-03,
       9.9997336838495632e-01, -4.1128203794527311e-03,
       -3.7861748605077225e-02, 3.8816803799447989e-03,
       9.9927544778704225e-01 ]
T: !!opencv-matrix
   rows: 3
   cols: 1
   dt: d
   data: [ -6.0529403135632677e+01, -4.7215652524800028e-01,
       -1.9735124342462205e+00 ]
R1: !!opencv-matrix
   rows: 3
   cols: 3
   dt: d
   data: [ 9.9742298570909771e-01, 1.4099096434576644e-02,
       7.0346308068566274e-02, -1.3956645980392656e-02,
       9.9989943555464256e-01, -2.5161101893652594e-03,
       -7.0374708611312300e-02, 1.5278276197091733e-03,
       9.9751945651733409e-01 ]
R2: !!opencv-matrix
   rows: 3
   cols: 3
   dt: d
   data: [ 9.9943853296911533e-01, 7.7960693560493524e-03,
       3.2585888343548919e-02, -7.8619927931908376e-03,
       9.9996729768025594e-01, 1.8954259062298928e-03,
       -3.2570045837584945e-02, -2.1505517063907516e-03,
       9.9946714165173833e-01 ]
P1: !!opencv-matrix
   rows: 3
   cols: 4
   dt: d
   data: [ 7.6517910630981851e+02, 0., 5.6985993194580078e+02, 0., 0.,
       7.6517910630981851e+02, 4.8197523498535156e+02, 0., 0., 0., 1.,
       0. ]
P2: !!opencv-matrix
   rows: 3
   cols: 4
   dt: d
   data: [ 7.6517910630981851e+02, 0., 5.6985993194580078e+02,
       -4.6341854019972423e+04, 0., 7.6517910630981851e+02,
       4.8197523498535156e+02, 0., 0., 0., 1., 0. ]
Q: !!opencv-matrix
   rows: 4
   cols: 4
   dt: d
   data: [ 1., 0., 0., -5.6985993194580078e+02, 0., 1., 0.,
       -4.8197523498535156e+02, 0., 0., 0., 7.6517910630981851e+02, 0.,
       0., 1.6511620488469051e-02, 0. ]
ValidROI1: [ 141, 135, 1013, 692 ]
ValidROI2: [ 103, 138, 1007, 694 ]
