%YAML:1.0
R: !!opencv-matrix
   rows: 3
   cols: 3
   dt: d
   data: [ 9.9996526261053642e-01, 2.9525661969458843e-03,
       7.7946087197249408e-03, -2.7989595124609835e-03,
       9.9980310685622775e-01, -1.9644677301547991e-02,
       -7.8510762248601134e-03, 1.9622178102519691e-02,
       9.9977664041956105e-01 ]
T: !!opencv-matrix
   rows: 3
   cols: 1
   dt: d
   data: [ 2.9552604171510804e+01, -4.3550276290172263e-01,
       -1.1163799502222493e+00 ]
R1: !!opencv-matrix
   rows: 3
   cols: 3
   dt: d
   data: [ 9.9948175882946977e-01, -1.2512025786413522e-02,
       -2.9659112897550174e-02, 1.2220333917451663e-02,
       9.9987536629159823e-01, -9.9957652127416839e-03,
       2.9780483644418616e-02, 9.6281407323740298e-03,
       9.9951009084448073e-01 ]
R2: !!opencv-matrix
   rows: 3
   cols: 3
   dt: d
   data: [ 9.9917891567794892e-01, -1.4724427528805656e-02,
       -3.7745008922867918e-02, 1.5094194543936510e-02,
       9.9984065704947134e-01, 9.5302571817966735e-03,
       3.7598666940574191e-02, -1.0092162544783971e-02,
       9.9924195693508666e-01 ]
P1: !!opencv-matrix
   rows: 3
   cols: 4
   dt: d
   data: [ 8.0209034152385323e+02, 0., 6.8941367340087891e+02, 0., 0.,
       8.0209034152385323e+02, 4.8145386886596680e+02, 0., 0., 0., 1.,
       0. ]
P2: !!opencv-matrix
   rows: 3
   cols: 4
   dt: d
   data: [ 8.0209034152385323e+02, 0., 6.8941367340087891e+02,
       2.3723337233115199e+04, 0., 8.0209034152385323e+02,
       4.8145386886596680e+02, 0., 0., 0., 1., 0. ]
Q: !!opencv-matrix
   rows: 4
   cols: 4
   dt: d
   data: [ 1., 0., 0., -6.8941367340087891e+02, 0., 1., 0.,
       -4.8145386886596680e+02, 0., 0., 0., 8.0209034152385323e+02, 0.,
       0., -3.3810181663826891e-02, 0. ]
ValidROI1: [ 133, 106, 1046, 732 ]
ValidROI2: [ 117, 125, 1060, 733 ]
