%YAML:1.0
R: !!opencv-matrix
   rows: 3
   cols: 3
   dt: d
   data: [ 9.9962257366404206e-01, 2.3490815023053443e-03,
       2.7371372588388107e-02, -1.9456317710104091e-03,
       9.9988921418525578e-01, -1.4757163447061204e-02,
       -2.7403006008255223e-02, 1.4698339092808115e-02,
       9.9951640011038556e-01 ]
T: !!opencv-matrix
   rows: 3
   cols: 1
   dt: d
   data: [ -9.0099980261311174e+01, 3.0118286349953144e-01,
       1.5641079247980503e+00 ]
R1: !!opencv-matrix
   rows: 3
   cols: 3
   dt: d
   data: [ 9.9994853895971458e-01, -1.2482745746265475e-03,
       1.0067832086338725e-02, 1.3222486067621549e-03,
       9.9997215638766257e-01, -7.3442568058391718e-03,
       -1.0058384112484777e-02, 7.3571910396930968e-03,
       9.9992234730955543e-01 ]
R2: !!opencv-matrix
   rows: 3
   cols: 3
   dt: d
   data: [ 9.9984377013098791e-01, -3.3422405739419112e-03,
       -1.7356980100184879e-02, 3.4697432612885029e-03,
       9.9996718144677810e-01, 7.3209911273783915e-03,
       1.7331941955622297e-02, -7.3800716346324553e-03,
       9.9982255342171322e-01 ]
P1: !!opencv-matrix
   rows: 3
   cols: 4
   dt: d
   data: [ 8.5439765397092560e+02, 0., 6.4837660980224609e+02, 0., 0.,
       8.5439765397092560e+02, 4.8159681701660156e+02, 0., 0., 0., 1.,
       0. ]
P2: !!opencv-matrix
   rows: 3
   cols: 4
   dt: d
   data: [ 8.5439765397092560e+02, 0., 6.4837660980224609e+02,
       -7.6993240401953779e+04, 0., 8.5439765397092560e+02,
       4.8159681701660156e+02, 0., 0., 0., 1., 0. ]
Q: !!opencv-matrix
   rows: 4
   cols: 4
   dt: d
   data: [ 1., 0., 0., -6.4837660980224609e+02, 0., 1., 0.,
       -4.8159681701660156e+02, 0., 0., 0., 8.5439765397092560e+02, 0.,
       0., 1.1097047604574447e-02, 0. ]
ValidROI1: [ 113, 96, 1097, 758 ]
ValidROI2: [ 79, 110, 1099, 759 ]
