%YAML:1.0
M1: !!opencv-matrix
   rows: 3
   cols: 3
   dt: d
   data: [ 1.2138929569855140e+03, 0., 6.4350000000000000e+02, 0.,
       1.2138929569855140e+03, 4.8150000000000000e+02, 0., 0., 1. ]
D1: !!opencv-matrix
   rows: 8
   cols: 1
   dt: d
   data: [ -4.8587758798751834e-01, 3.0538271657598293e-01, 0., 0.,
       -2.2028273719557151e-01, 0., 0., -2.4976921178593586e-01 ]
M2: !!opencv-matrix
   rows: 3
   cols: 3
   dt: d
   data: [ 1.2138929569855140e+03, 0., 6.4350000000000000e+02, 0.,
       1.2138929569855140e+03, 4.8150000000000000e+02, 0., 0., 1. ]
D2: !!opencv-matrix
   rows: 8
   cols: 1
   dt: d
   data: [ -4.7781691169258494e-01, 2.8651251082048385e-01, 0., 0.,
       -3.8621043944772149e-01, 0., 0., -4.0042679684655147e-01 ]
