%YAML:1.0
M1: !!opencv-matrix
   rows: 3
   cols: 3
   dt: d
   data: [ 1.1822840065410678e+03, 0., 6.4350000000000000e+02, 0.,
       1.1822840065410678e+03, 4.8150000000000000e+02, 0., 0., 1. ]
D1: !!opencv-matrix
   rows: 8
   cols: 1
   dt: d
   data: [ -4.5377518645556436e-01, 2.0133802363686654e-01, 0., 0.,
       -2.2028273719557151e-01, 0., 0., -4.2342332224434581e-01 ]
M2: !!opencv-matrix
   rows: 3
   cols: 3
   dt: d
   data: [ 1.1822840065410678e+03, 0., 6.4350000000000000e+02, 0.,
       1.1822840065410678e+03, 4.8150000000000000e+02, 0., 0., 1. ]
D2: !!opencv-matrix
   rows: 8
   cols: 1
   dt: d
   data: [ -3.9599867862441607e-01, -4.1378093655818615e-01, 0., 0.,
       -6.8700997937751538e+00, 0., 0., -9.4822652492002391e+00 ]
