%YAML:1.0
M1: !!opencv-matrix
   rows: 3
   cols: 3
   dt: d
   data: [ 1.1482083063169903e+03, 0., 6.4350000000000000e+02, 0.,
       1.1482083063169903e+03, 4.8150000000000000e+02, 0., 0., 1. ]
D1: !!opencv-matrix
   rows: 8
   cols: 1
   dt: d
   data: [ -4.1449997868395855e-01, 5.8928798834140823e-02, 0., 0.,
       2.7849220731342692e-02, 0., 0., -3.5777501875194845e-01 ]
M2: !!opencv-matrix
   rows: 3
   cols: 3
   dt: d
   data: [ 1.1482083063169903e+03, 0., 6.4350000000000000e+02, 0.,
       1.1482083063169903e+03, 4.8150000000000000e+02, 0., 0., 1. ]
D2: !!opencv-matrix
   rows: 8
   cols: 1
   dt: d
   data: [ -4.5778931361803987e-01, 3.8934777996513176e-01, 0., 0.,
       6.5076162816096433e-02, 0., 0., 4.2595071383111782e-01 ]
