%YAML:1.0
M1: !!opencv-matrix
   rows: 3
   cols: 3
   dt: d
   data: [ 1.1572624294727154e+03, 0., 6.4350000000000000e+02, 0.,
       1.1572624294727154e+03, 4.8150000000000000e+02, 0., 0., 1. ]
D1: !!opencv-matrix
   rows: 8
   cols: 1
   dt: d
   data: [ -4.2184921810411413e-01, 1.5263909826533850e-01, 0., 0.,
       2.7849220731342692e-02, 0., 0., 3.7534803261972095e-02 ]
M2: !!opencv-matrix
   rows: 3
   cols: 3
   dt: d
   data: [ 1.1572624294727154e+03, 0., 6.4350000000000000e+02, 0.,
       1.1572624294727154e+03, 4.8150000000000000e+02, 0., 0., 1. ]
D2: !!opencv-matrix
   rows: 8
   cols: 1
   dt: d
   data: [ -4.4908711335956558e-01, 2.9159176896846817e-01, 0., 0.,
       -1.1346656236282432e-01, 0., 0., 7.0987220305022636e-02 ]
