%YAML:1.0
M1: !!opencv-matrix
   rows: 3
   cols: 3
   dt: d
   data: [ 1.1845470427974410e+03, 0., 6.4350000000000000e+02, 0.,
       1.1845470427974410e+03, 4.8150000000000000e+02, 0., 0., 1. ]
D1: !!opencv-matrix
   rows: 8
   cols: 1
   dt: d
   data: [ -4.7847181155750279e-01, 1.9437199825884596e-01, 0., 0.,
       5.1977230516827644e-01, 0., 0., 1.0715134431584261e-01 ]
M2: !!opencv-matrix
   rows: 3
   cols: 3
   dt: d
   data: [ 1.1845470427974410e+03, 0., 6.4350000000000000e+02, 0.,
       1.1845470427974410e+03, 4.8150000000000000e+02, 0., 0., 1. ]
D2: !!opencv-matrix
   rows: 8
   cols: 1
   dt: d
   data: [ -4.8408765520578712e-01, 3.0374896242657334e-01, 0., 0.,
       -2.6005634172644493e-01, 0., 0., -1.9631266439709777e-01 ]
