<?xml version="1.0"?>
<opencv_storage>
<calibration_Time>"Mon Feb 20 17:00:23 2017"</calibration_Time>
<nrOfFrames>14</nrOfFrames>
<image_Width>1288</image_Width>
<image_Height>964</image_Height>
<board_Width>10</board_Width>
<board_Height>7</board_Height>
<square_Size>10.</square_Size>
<FixAspectRatio>1.</FixAspectRatio>
<!-- flags:  +fix_aspectRatio +fix_principal_point +zero_tangent_dist -->
<flagValue>14</flagValue>
<Camera_Matrix type_id="opencv-matrix">
  <rows>3</rows>
  <cols>3</cols>
  <dt>d</dt>
  <data>
    1.1869967176263881e+03 0. 6.4350000000000000e+02 0.
    1.1869967176263881e+03 4.8150000000000000e+02 0. 0. 1.</data></Camera_Matrix>
<Distortion_Coefficients type_id="opencv-matrix">
  <rows>5</rows>
  <cols>1</cols>
  <dt>d</dt>
  <data>
    -4.7820955196912385e-01 1.6145643595830184e-01 0. 0.
    5.1977230516827644e-01</data></Distortion_Coefficients>
<Avg_Reprojection_Error>5.4331695083542764e-01</Avg_Reprojection_Error>
<Per_View_Reprojection_Errors type_id="opencv-matrix">
  <rows>14</rows>
  <cols>1</cols>
  <dt>f</dt>
  <data>
    5.93617082e-01 4.86717939e-01 4.90540057e-01 6.49650097e-01
    4.70112085e-01 9.02650893e-01 3.49618316e-01 3.30880284e-01
    4.84602779e-01 5.40964723e-01 3.25614899e-01 4.01435584e-01
    6.54478908e-01 6.24704897e-01</data></Per_View_Reprojection_Errors>
<!-- a set of 6-tuples (rotation vector + translation vector) for each view -->
<Extrinsic_Parameters type_id="opencv-matrix">
  <rows>14</rows>
  <cols>6</cols>
  <dt>d</dt>
  <data>
    2.4351426386502970e-01 -3.7127826870217193e-02
    3.1137391850947673e+00 9.3063419635988197e+01 3.9816819820329229e+01
    2.1472878987477810e+02 -2.4850867848627681e-02
    8.5052575358031873e-02 3.1227902070902651e+00 1.0286903149454417e+01
    4.5050211065725271e+01 2.1718128754190400e+02 6.6116680966344835e-02
    5.5191744371085327e-01 -3.0681452466685624e+00
    2.5132927087694917e+01 -9.5838721893067769e-01
    2.1316989922863146e+02 3.8585074230969263e-01
    -1.0598451825686482e-01 3.0899322286366857e+00
    6.6883912576217412e+01 3.2287200150245930e+01 1.8204293180301204e+02
    -3.6895975616964544e-01 3.7113303613828211e-02
    3.0955840822297778e+00 3.9376929347203685e+01 3.0381090922775904e+01
    1.8691000743285335e+02 3.5966051942339972e-01
    -6.4908003699136152e-01 2.9830396957052687e+00
    5.3545342924713829e+01 1.3725725866279715e+01 1.4994849763296784e+02
    1.9352964538424941e-01 3.0698710019750552e-01
    -1.5989169531148013e+00 1.4749733498140690e+01
    3.3577427110908019e+01 2.5320011305578487e+02 2.0245572869838524e-01
    -1.5775412515201256e-01 -2.1814822676915142e+00
    1.2490042888024481e+01 4.7938853640276648e+01 2.2086028300839212e+02
    1.3509375679665400e-01 3.2279524639434803e-01 3.0508728372920055e+00
    2.3724940607126925e+01 3.6712897520087672e+01 2.0251615574758046e+02
    3.6428970931335419e-01 8.8737332364278243e-01
    -2.9693969748264761e+00 3.5025921171328726e+01
    -5.0692958783459412e+00 2.2306243543016259e+02
    3.5904440302737761e-01 -1.8830556113955837e-03
    -1.5998963434644982e+00 -5.5314087568207775e+01
    3.9075365502699924e+01 2.2283160532611208e+02 4.0617690121521743e-01
    -1.5845159641357964e-01 -1.5498807908762076e+00
    -7.0592960865111451e+01 4.8301362266434076e+01
    1.9923972783370962e+02 2.4180834588888581e-01 3.6042589389028945e-01
    2.8213137501402445e+00 5.4296530560345552e+01 9.2368656734185102e+00
    1.6224780002409759e+02 -5.3482596520027414e-01
    -2.4041302340050565e-02 3.0448730962082684e+00
    5.0082653234449005e+01 1.5214287518964767e+01 1.6767204471848015e+02</data></Extrinsic_Parameters>
<Image_points type_id="opencv-matrix">
  <rows>14</rows>
  <cols>70</cols>
  <dt>"2f"</dt>
  <data>
    1.11074548e+03 6.80720581e+02 1.06521582e+03 6.83302124e+02
    1.01779803e+03 6.85631714e+02 9.69235168e+02 6.87619873e+02
    9.19771240e+02 6.89552795e+02 8.69456238e+02 6.90754089e+02
    8.18427856e+02 6.91678589e+02 7.67101685e+02 6.92485413e+02
    7.15823303e+02 6.92748657e+02 6.64751831e+02 6.92569275e+02
    1.11280212e+03 6.31888062e+02 1.06678491e+03 6.33862793e+02
    1.01916504e+03 6.35767761e+02 9.70292603e+02 6.37760803e+02
    9.20431458e+02 6.39257996e+02 8.69667664e+02 6.40183350e+02
    8.18345398e+02 6.41249634e+02 7.66777649e+02 6.41885315e+02
    7.15219971e+02 6.42072998e+02 6.63827515e+02 6.42386292e+02
    1.11400354e+03 5.82061707e+02 1.06781250e+03 5.83697632e+02
    1.02002667e+03 5.85504822e+02 9.71075928e+02 5.86634583e+02
    9.20684570e+02 5.87923157e+02 8.69719849e+02 5.89027527e+02
    8.18135376e+02 5.89690979e+02 7.66162903e+02 5.90523499e+02
    7.14448486e+02 5.91104370e+02 6.63045837e+02 5.91455566e+02
    1.11480005e+03 5.31756409e+02 1.06828125e+03 5.33319458e+02
    1.02032922e+03 5.33977051e+02 9.71185791e+02 5.35296326e+02
    9.20762634e+02 5.36157410e+02 8.69521790e+02 5.37157654e+02
    8.17603149e+02 5.37728333e+02 7.65562561e+02 5.38621277e+02
    7.13611450e+02 5.39368835e+02 6.61657776e+02 5.39801270e+02
    1.11462109e+03 4.81274689e+02 1.06822095e+03 4.81696564e+02
    1.02007526e+03 4.82698486e+02 9.70704407e+02 4.83288391e+02
    9.20291321e+02 4.83904938e+02 8.69057373e+02 4.84618469e+02
    8.16977966e+02 4.85467529e+02 7.64743164e+02 4.86279327e+02
    7.12306458e+02 4.87366333e+02 6.59892395e+02 4.87844482e+02
    1.11398547e+03 4.30809357e+02 1.06733374e+03 4.30837036e+02
    1.01932196e+03 4.31031403e+02 9.69880920e+02 4.31530792e+02
    9.19415588e+02 4.31659546e+02 8.67921448e+02 4.32326630e+02
    8.15773376e+02 4.33266632e+02 7.63563416e+02 4.34017578e+02
    7.11345398e+02 4.35199371e+02 6.59471497e+02 4.36384430e+02
    1.11217786e+03 3.80447021e+02 1.06564722e+03 3.79767242e+02
    1.01766309e+03 3.79646881e+02 9.68328918e+02 3.79580536e+02
    9.17775940e+02 3.79668854e+02 8.66460449e+02 3.80082611e+02
    8.14516235e+02 3.80653870e+02 7.62335999e+02 3.81761780e+02
    7.10198181e+02 3.83012482e+02 6.58600891e+02 3.84710663e+02
    6.98326416e+02 7.22623779e+02 6.45105713e+02 7.23918579e+02
    5.91464539e+02 7.24883667e+02 5.38251404e+02 7.25380432e+02
    4.85594330e+02 7.25367126e+02 4.33871979e+02 7.24740112e+02
    3.83170654e+02 7.23624023e+02 3.33654572e+02 7.22323608e+02
    2.85810242e+02 7.20765930e+02 2.39800964e+02 7.18717163e+02
    6.97540344e+02 6.70168335e+02 6.43794922e+02 6.71533997e+02
    5.90054138e+02 6.72298828e+02 5.36653442e+02 6.72948853e+02
    4.83714233e+02 6.73028748e+02 4.31675171e+02 6.72632080e+02
    3.80839081e+02 6.71826660e+02 3.31446381e+02 6.71166504e+02
    2.83459961e+02 6.69916077e+02 2.37087631e+02 6.68661133e+02
    6.96605408e+02 6.17075928e+02 6.42915527e+02 6.17909912e+02
    5.89050903e+02 6.18859741e+02 5.35313110e+02 6.19442749e+02
    4.82066650e+02 6.19655640e+02 4.29802124e+02 6.19684937e+02
    3.79068207e+02 6.19539246e+02 3.29182587e+02 6.19193787e+02
    2.81397125e+02 6.18463562e+02 2.34990707e+02 6.17663086e+02
    6.95679626e+02 5.63257690e+02 6.41774963e+02 5.64190247e+02
    5.87748169e+02 5.65141663e+02 5.33945251e+02 5.65684937e+02
    4.80827576e+02 5.66057861e+02 4.28461578e+02 5.66481934e+02
    3.77527222e+02 5.66664734e+02 3.27634857e+02 5.66946228e+02
    2.79819183e+02 5.66667664e+02 2.33586990e+02 5.66636230e+02
    6.94838074e+02 5.09464539e+02 6.40969788e+02 5.10016235e+02
    5.87082886e+02 5.10876495e+02 5.33289734e+02 5.11656464e+02
    4.79708710e+02 5.12121155e+02 4.27656250e+02 5.13100464e+02
    3.76432068e+02 5.13536682e+02 3.26820770e+02 5.14145386e+02
    2.78354706e+02 5.14721741e+02 2.31453659e+02 5.15190369e+02
    6.93752747e+02 4.55699005e+02 6.39977356e+02 4.56455536e+02
    5.85975098e+02 4.57325470e+02 5.32490662e+02 4.57781342e+02
    4.79434357e+02 4.58600555e+02 4.27206055e+02 4.59578247e+02
    3.75846832e+02 4.60835510e+02 3.25973328e+02 4.61862061e+02
    2.78207123e+02 4.63148712e+02 2.32422775e+02 4.64428467e+02
    6.92791382e+02 4.02508789e+02 6.39203003e+02 4.02954407e+02
