<?xml version="1.0"?>
<opencv_storage>
<calibration_Time>"Mon Feb 20 17:00:24 2017"</calibration_Time>
<nrOfFrames>14</nrOfFrames>
<image_Width>1288</image_Width>
<image_Height>964</image_Height>
<board_Width>10</board_Width>
<board_Height>7</board_Height>
<square_Size>10.</square_Size>
<FixAspectRatio>1.</FixAspectRatio>
<!-- flags:  +fix_aspectRatio +fix_principal_point +zero_tangent_dist -->
<flagValue>14</flagValue>
<Camera_Matrix type_id="opencv-matrix">
  <rows>3</rows>
  <cols>3</cols>
  <dt>d</dt>
  <data>
    1.1780961242535918e+03 0. 6.4350000000000000e+02 0.
    1.1780961242535918e+03 4.8150000000000000e+02 0. 0. 1.</data></Camera_Matrix>
<Distortion_Coefficients type_id="opencv-matrix">
  <rows>5</rows>
  <cols>1</cols>
  <dt>d</dt>
  <data>
    -5.0266355717904110e-01 4.1089915414142603e-01 0. 0.
    -2.6005634172644493e-01</data></Distortion_Coefficients>
<Avg_Reprojection_Error>4.3194807925657980e-01</Avg_Reprojection_Error>
<Per_View_Reprojection_Errors type_id="opencv-matrix">
  <rows>14</rows>
  <cols>1</cols>
  <dt>f</dt>
  <data>
    3.64689916e-01 4.10410494e-01 4.55045521e-01 4.35511947e-01
    3.74100655e-01 7.04844177e-01 2.90034384e-01 2.83678651e-01
    4.20344651e-01 5.07613122e-01 3.51637512e-01 3.37629318e-01
    5.25089622e-01 4.06033218e-01</data></Per_View_Reprojection_Errors>
<!-- a set of 6-tuples (rotation vector + translation vector) for each view -->
<Extrinsic_Parameters type_id="opencv-matrix">
  <rows>14</rows>
  <cols>6</cols>
  <dt>d</dt>
  <data>
    2.2079156177802883e-01 -7.3011841157620896e-02
    3.1195335401334687e+00 6.1808264873717590e+01 3.5985045906699803e+01
    2.1570480139505875e+02 -5.1775952104750458e-02
    3.8577959648098438e-02 3.1293722138442699e+00
    -2.1314598440487352e+01 4.1049796630958163e+01
    2.1721558499097227e+02 6.6389300167457990e-02 5.8896406879527308e-01
    -3.0571486618662620e+00 -6.1739380926050043e+00
    -4.9099416543404422e+00 2.1152438129154459e+02
    3.6017528231518908e-01 -1.2568623127568712e-01
    3.0974034956382956e+00 3.5782937234576742e+01 2.8829051621467297e+01
    1.8305751799155826e+02 -3.8557620762346345e-01
    1.4061795647806493e-02 3.0948832818643925e+00 7.9286362437665119e+00
    2.6897780709406490e+01 1.8671636006997676e+02 3.5116579873290871e-01
    -6.6775515762453364e-01 2.9870060882672891e+00
    2.2490821892210544e+01 1.0768713382716497e+01 1.4978084644971165e+02
    2.1263458969996771e-01 3.0147672117282659e-01
    -1.5947893142783500e+00 -1.7055397162022285e+01
    2.8880527370124511e+01 2.5234634891118478e+02 2.3333289224188197e-01
    -1.4461806356943366e-01 -2.1793586354913681e+00
    -1.9041030459535865e+01 4.3650997964928543e+01
    2.2074061651335975e+02 1.1304593144645668e-01 2.9000572647098061e-01
    3.0578291893216010e+00 -7.6740522259635053e+00
    3.2852936444675237e+01 2.0240229305892620e+02 3.6769042876026065e-01
    9.0150713680564032e-01 -2.9629132666172286e+00
    3.5755877955715412e+00 -9.1883460342335166e+00
    2.2176397890869083e+02 3.7252311453287484e-01 1.1353867491672815e-02
    -1.5973108280729873e+00 -8.7039482215947075e+01
    3.4590198261094351e+01 2.2186510850733816e+02 4.1924995073995969e-01
    -1.4234493831634049e-01 -1.5486722147958898e+00
    -1.0213113572765209e+02 4.4165186873840497e+01
    1.9844011600449389e+02 2.3322990448880460e-01 3.2271350549721983e-01
    2.8283264950761864e+00 2.3148429901068539e+01 6.3184410777422331e+00
    1.6234750117066127e+02 -5.5712187704504157e-01
    -5.3567595039585476e-02 3.0393231331340496e+00
    1.8843412804839943e+01 1.2023737852313991e+01 1.6779442015549097e+02</data></Extrinsic_Parameters>
<Image_points type_id="opencv-matrix">
  <rows>14</rows>
  <cols>70</cols>
  <dt>"2f"</dt>
  <data>
    9.64735779e+02 6.67703186e+02 9.14582581e+02 6.69473328e+02
    8.63485596e+02 6.70543823e+02 8.11631897e+02 6.71354919e+02
    7.59633911e+02 6.71600281e+02 7.07618896e+02 6.71568054e+02
    6.55835449e+02 6.71296326e+02 6.04801697e+02 6.70678528e+02
    5.54452271e+02 6.69527771e+02 5.05211914e+02 6.68152771e+02
    9.66185608e+02 6.17202820e+02 9.15599365e+02 6.18248779e+02
    8.64135864e+02 6.19414124e+02 8.12032776e+02 6.19981628e+02
    7.59615906e+02 6.20492371e+02 7.07299805e+02 6.20641785e+02
    6.55262329e+02 6.20406982e+02 6.03616211e+02 6.19755188e+02
    5.53210144e+02 6.19304565e+02 5.03511047e+02 6.18374207e+02
    9.67283691e+02 5.65426880e+02 9.16190796e+02 5.66371948e+02
    8.64687195e+02 5.67395752e+02 8.12044312e+02 5.67742798e+02
    7.59459229e+02 5.68392151e+02 7.06794250e+02 5.68685791e+02
    6.54519836e+02 5.68914429e+02 6.02590332e+02 5.68639160e+02
    5.51641174e+02 5.68181702e+02 5.01856842e+02 5.67729553e+02
    9.67502197e+02 5.13270569e+02 9.16496887e+02 5.13743103e+02
    8.64480103e+02 5.14663452e+02 8.11801453e+02 5.15272095e+02
    7.59055359e+02 5.15565247e+02 7.05954712e+02 5.15917419e+02
    6.53494751e+02 5.16273865e+02 6.01493652e+02 5.16738342e+02
    5.50711609e+02 5.16693970e+02 5.00785156e+02 5.16962219e+02
    9.67398010e+02 4.60556885e+02 9.16245728e+02 4.61159943e+02
    8.64169861e+02 4.61565247e+02 8.11392090e+02 4.61877594e+02
    7.58341858e+02 4.62451538e+02 7.05402954e+02 4.63172791e+02
    6.52549744e+02 4.63539185e+02 6.00593994e+02 4.64116455e+02
    5.49277344e+02 4.65003326e+02 4.98482880e+02 4.65358337e+02
    9.66742432e+02 4.07831940e+02 9.15599976e+02 4.08037476e+02
    8.63361816e+02 4.08432251e+02 8.10583374e+02 4.08955475e+02
    7.57428162e+02 4.09411621e+02 7.04571838e+02 4.09739746e+02
    6.51491089e+02 4.10863831e+02 5.99414917e+02 4.11731995e+02
    5.48160278e+02 4.13246521e+02 4.98459961e+02 4.14399506e+02
    9.65528809e+02 3.55544495e+02 9.14288696e+02 3.55415161e+02
    8.62258728e+02 3.55435669e+02 8.09494141e+02 3.55622864e+02
    7.56587891e+02 3.56217743e+02 7.03500916e+02 3.57275482e+02
    6.50844177e+02 3.57885590e+02 5.99088318e+02 3.59554962e+02
    5.47465454e+02 3.61343292e+02 4.97854614e+02 3.63470032e+02
    5.30492310e+02 6.99294922e+02 4.78052094e+02 6.99100281e+02
    4.26734070e+02 6.98499878e+02 3.76199615e+02 6.97501770e+02
    3.27085815e+02 6.96175720e+02 2.79426331e+02 6.94482544e+02
    2.33584702e+02 6.92233215e+02 1.89290619e+02 6.90164307e+02
    1.47147812e+02 6.87447205e+02 1.06853653e+02 6.84705688e+02
    5.29110413e+02 6.47205933e+02 4.76479584e+02 6.47184265e+02
    4.24724731e+02 6.46924744e+02 3.73843201e+02 6.46151794e+02
    3.24821991e+02 6.45377686e+02 2.77156952e+02 6.43890015e+02
    2.30978317e+02 6.42500671e+02 1.86779236e+02 6.40896240e+02
    1.44467819e+02 6.39067627e+02 1.04155090e+02 6.36863342e+02
    5.27595093e+02 5.93906189e+02 4.75223969e+02 5.94311401e+02
    4.23325134e+02 5.94251404e+02 3.72227417e+02 5.93874756e+02
    3.23051178e+02 5.93500916e+02 2.75149323e+02 5.93049927e+02
    2.29024765e+02 5.91747253e+02 1.84654449e+02 5.91122620e+02
    1.42405243e+02 5.89711853e+02 1.02030731e+02 5.88596436e+02
    5.26989929e+02 5.40786987e+02 4.73705994e+02 5.41320496e+02
    4.21797058e+02 5.41385376e+02 3.71175262e+02 5.41480347e+02
    3.21428833e+02 5.41492188e+02 2.73465790e+02 5.41427307e+02
    2.27488983e+02 5.41292480e+02 1.83267334e+02 5.40963013e+02
    1.41167191e+02 5.40440918e+02 1.00921883e+02 5.39779663e+02
    5.25880798e+02 4.87259064e+02 4.73246002e+02 4.87594360e+02
    4.21374786e+02 4.88312622e+02 3.70381683e+02 4.88909790e+02
    3.20748444e+02 4.89373596e+02 2.73145416e+02 4.89662689e+02
    2.26822662e+02 4.89865753e+02 1.82369827e+02 4.90462830e+02
    1.39516403e+02 4.90920502e+02 9.85489044e+01 4.91139160e+02
    5.25482605e+02 4.33774719e+02 4.73075928e+02 4.34800262e+02
    4.21160126e+02 4.35491180e+02 3.70037170e+02 4.36265350e+02
    3.20628662e+02 4.37237671e+02 2.72721405e+02 4.37889679e+02
    2.26139008e+02 4.39293671e+02 1.81918762e+02 4.40310150e+02
    1.39934067e+02 4.41487091e+02 1.00003685e+02 4.42894135e+02
    5.25448669e+02 3.81106750e+02 4.72952484e+02 3.81688690e+02
