<?xml version="1.0"?>
<opencv_storage>
<calibration_Time>"Tue Mar  7 00:59:06 2017"</calibration_Time>
<nrOfFrames>14</nrOfFrames>
<image_Width>1288</image_Width>
<image_Height>964</image_Height>
<board_Width>10</board_Width>
<board_Height>7</board_Height>
<square_Size>20.</square_Size>
<FixAspectRatio>1.</FixAspectRatio>
<!-- flags:  +fix_aspectRatio +fix_principal_point +zero_tangent_dist -->
<flagValue>14</flagValue>
<Camera_Matrix type_id="opencv-matrix">
  <rows>3</rows>
  <cols>3</cols>
  <dt>d</dt>
  <data>
    1.1755023521492931e+03 0. 6.4350000000000000e+02 0.
    1.1755023521492931e+03 4.8150000000000000e+02 0. 0. 1.</data></Camera_Matrix>
<Distortion_Coefficients type_id="opencv-matrix">
  <rows>5</rows>
  <cols>1</cols>
  <dt>d</dt>
  <data>
    -4.6050404186997312e-01 4.0396400919823700e-01 0. 0.
    -3.8621043944772149e-01</data></Distortion_Coefficients>
<Avg_Reprojection_Error>2.7635734536481865e-01</Avg_Reprojection_Error>
<Per_View_Reprojection_Errors type_id="opencv-matrix">
  <rows>14</rows>
  <cols>1</cols>
  <dt>f</dt>
  <data>
    2.71335274e-01 2.33485326e-01 2.83410460e-01 2.46625915e-01
    2.76230216e-01 2.43029669e-01 2.66993940e-01 3.21483046e-01
    3.21420550e-01 2.96586365e-01 3.15924019e-01 3.08645219e-01
    2.20148772e-01 2.34797075e-01</data></Per_View_Reprojection_Errors>
<!-- a set of 6-tuples (rotation vector + translation vector) for each view -->
<Extrinsic_Parameters type_id="opencv-matrix">
  <rows>14</rows>
  <cols>6</cols>
  <dt>d</dt>
  <data>
    4.4268712714499264e-01 2.6101477811880505e-02
    -3.0918733652728840e+00 3.9593526043224552e+00
    1.0072598350904347e+02 1.0079841600068912e+03 7.0086737855828385e-01
    4.3235038320985492e-02 -3.0134307862067367e+00
    -3.3659107663311102e+02 1.4015452436661243e+02
    1.0090611316031769e+03 3.9154292015557624e-01
    -2.9008456941882112e-02 -3.0615842377703011e+00
    -1.4106415924681195e+02 2.8125153938391549e+02
    1.0185342712194871e+03 -1.3423922631306151e-02
    -6.1103202950433200e-02 -3.0973832894029254e+00
    1.5882201406475588e+02 2.8494704344252773e+02 1.0356242366637648e+03
    -3.3666312885161304e-01 -7.2761247519781219e-02
    -3.0906360379634941e+00 2.8666810906046180e+02
    8.4741691541172401e+01 1.1897422264455379e+03 6.1426866656187233e-02
    4.2479149390165845e-02 3.0969854502805712e+00 2.7774784882488620e+02
    -1.7585135627023277e+02 1.2644794011830893e+03
    -3.8789020349191256e-01 -7.5798637006192132e-02
    3.0848540168879697e+00 -1.4705365364106283e+01
    -1.7688639082440721e+02 1.1932586992659074e+03
    -8.7041513243134838e-01 4.8075445007429614e-02
    2.9471957683012877e+00 -2.4139238945081121e+02
    -1.5173308065027501e+02 1.1526562814217932e+03
    6.8598551389724804e-01 1.3332200805837005e-01
    -3.0547187769768209e+00 -2.4449833415645401e+02
    3.8619591780736768e+00 8.6158488151770041e+02
    -7.7327597519843727e-01 -2.6350168053049464e-02
    -2.9933437376519993e+00 3.3664059135798493e+02
    3.9922119719389947e+01 1.0189436936515737e+03 4.4644332630892530e-01
    -1.0034786101901506e-01 -3.0765530901213474e+00
    1.6662031751887454e+02 -2.1445614497144604e+02
    1.2776603555334118e+03 -7.5168072175959333e-01
    3.1480381742429821e-02 3.0098633661950132e+00
    -2.0824169305966774e+02 -2.0650115847705757e+02
    1.1884597296951879e+03 2.9723520824358746e-01
    -1.7346790726441061e-01 -3.1154421289245460e+00
    -2.3719851626064687e+02 3.8723091587503951e+01
    1.2662647311847766e+03 4.0683376308307767e-01 3.6304481774146434e-02
    -3.1115101705307477e+00 -5.3732836386170064e+01
    8.9190723079396008e+01 9.2250144138851306e+02</data></Extrinsic_Parameters>
<Image_points type_id="opencv-matrix">
  <rows>14</rows>
  <cols>70</cols>
  <dt>"2f"</dt>
  <data>
    6.48007874e+02 5.98528748e+02 6.25625916e+02 5.98839111e+02
    6.03236633e+02 5.99096558e+02 5.80111572e+02 5.99219299e+02
    5.57579529e+02 5.99519409e+02 5.33888489e+02 5.99488892e+02
    5.10484924e+02 5.99494019e+02 4.87456146e+02 5.99609253e+02
    4.63562042e+02 5.99525391e+02 4.39676300e+02 5.99443726e+02
    6.48580017e+02 5.75341980e+02 6.25822144e+02 5.75380127e+02
    6.03638062e+02 5.75535889e+02 5.81246521e+02 5.75627869e+02
    5.57838318e+02 5.75855225e+02 5.34521362e+02 5.75891052e+02
    5.11238190e+02 5.75714417e+02 4.87499237e+02 5.75654053e+02
    4.63607056e+02 5.75682617e+02 4.39839752e+02 5.75611877e+02
    6.49320251e+02 5.51937378e+02 6.26684937e+02 5.51948853e+02
    6.03760925e+02 5.52112549e+02 5.81313599e+02 5.52170532e+02
    5.57981323e+02 5.52098450e+02 5.35217041e+02 5.52087036e+02
    5.11543121e+02 5.52156616e+02 4.87688751e+02 5.51816406e+02
    4.63814575e+02 5.51556030e+02 4.39907837e+02 5.51487122e+02
    6.49337708e+02 5.29096985e+02 6.27010437e+02 5.28904968e+02
    6.04189575e+02 5.29012939e+02 5.81551086e+02 5.28785217e+02
    5.57933350e+02 5.28505432e+02 5.35288879e+02 5.28399353e+02
    5.11725006e+02 5.28025574e+02 4.87927277e+02 5.27847412e+02
    4.64152008e+02 5.27665283e+02 4.40162292e+02 5.27425232e+02
    6.50020203e+02 5.05589691e+02 6.27620911e+02 5.05438354e+02
    6.05042419e+02 5.05291565e+02 5.81638855e+02 5.05084961e+02
    5.58542419e+02 5.04727417e+02 5.35466919e+02 5.04446686e+02
    5.11902039e+02 5.04156372e+02 4.88475281e+02 5.03703827e+02
    4.64624146e+02 5.03482239e+02 4.40720184e+02 5.03371460e+02
    6.49967957e+02 4.82589661e+02 6.27659729e+02 4.81923035e+02
    6.05265259e+02 4.81529236e+02 5.82065247e+02 4.81291840e+02
    5.59396240e+02 4.81105652e+02 5.35825195e+02 4.80586975e+02
    5.12483765e+02 4.80065216e+02 4.88861542e+02 4.79823975e+02
    4.65199677e+02 4.79542938e+02 4.41322083e+02 4.79342255e+02
    6.51031616e+02 4.59319031e+02 6.28539856e+02 4.58714050e+02
    6.05664795e+02 4.57921112e+02 5.82910339e+02 4.57452393e+02
    5.59661987e+02 4.57222595e+02 5.36324036e+02 4.56778107e+02
    5.13229675e+02 4.56004395e+02 4.89344818e+02 4.55686127e+02
    4.65507233e+02 4.55426178e+02 4.41594086e+02 4.55237732e+02
    2.72762024e+02 6.35970154e+02 2.51602417e+02 6.35571899e+02
    2.30524567e+02 6.35241028e+02 2.09558426e+02 6.34812073e+02
    1.88768387e+02 6.34199951e+02 1.67706680e+02 6.33485535e+02
    1.47145279e+02 6.32802490e+02 1.26405472e+02 6.31943665e+02
    1.06031197e+02 6.31155273e+02 8.56483078e+01 6.30369507e+02
    2.72953827e+02 6.14309204e+02 2.51690552e+02 6.13544739e+02
    2.30800430e+02 6.13474609e+02 2.09730591e+02 6.13022400e+02
    1.88687836e+02 6.12406860e+02 1.67812164e+02 6.11527283e+02
    1.47129898e+02 6.10934082e+02 1.26317703e+02 6.09688660e+02
    1.05712189e+02 6.09330688e+02 8.54917984e+01 6.08307068e+02
    2.73380402e+02 5.92382935e+02 2.51890472e+02 5.91670715e+02
    2.31054474e+02 5.91311462e+02 2.09782715e+02 5.90848206e+02
    1.88830719e+02 5.89870972e+02 1.67783951e+02 5.89425720e+02
    1.47054626e+02 5.88816895e+02 1.26237404e+02 5.87758789e+02
    1.05663353e+02 5.87067078e+02 8.54447174e+01 5.85971863e+02
    2.73609467e+02 5.70402161e+02 2.52320068e+02 5.69589661e+02
    2.31307220e+02 5.69347717e+02 2.09893250e+02 5.68604919e+02
    1.89084244e+02 5.67616699e+02 1.67971161e+02 5.67293213e+02
    1.47212143e+02 5.66508667e+02 1.26551849e+02 5.65488953e+02
    1.05855270e+02 5.65110352e+02 8.53992233e+01 5.63768921e+02
    2.74296997e+02 5.48429871e+02 2.53126328e+02 5.47632019e+02
    2.31639328e+02 5.47140930e+02 2.10503082e+02 5.46094238e+02
    1.89472046e+02 5.45491577e+02 1.68441315e+02 5.44940735e+02
    1.47590729e+02 5.43838196e+02 1.26815453e+02 5.43458801e+02
    1.06219597e+02 5.42361511e+02 8.57182846e+01 5.41546814e+02
    2.74841217e+02 5.26343689e+02 2.53490952e+02 5.25493164e+02
    2.32320145e+02 5.24889038e+02 2.11185333e+02 5.23770569e+02
    1.89954315e+02 5.23275085e+02 1.69188187e+02 5.22463989e+02
    1.48124100e+02 5.21601624e+02 1.27441269e+02 5.21027100e+02
    1.06716156e+02 5.19864197e+02 8.62066116e+01 5.19349121e+02
    2.75663208e+02 5.03913055e+02 2.54376953e+02 5.03424866e+02
