<?xml version="1.0"?>
<opencv_storage>
<calibration_Time>"Tue Mar  7 01:11:37 2017"</calibration_Time>
<nrOfFrames>14</nrOfFrames>
<image_Width>1288</image_Width>
<image_Height>964</image_Height>
<board_Width>10</board_Width>
<board_Height>7</board_Height>
<square_Size>20.</square_Size>
<FixAspectRatio>1.</FixAspectRatio>
<!-- flags:  +fix_aspectRatio +fix_principal_point +zero_tangent_dist -->
<flagValue>14</flagValue>
<Camera_Matrix type_id="opencv-matrix">
  <rows>3</rows>
  <cols>3</cols>
  <dt>d</dt>
  <data>
    2.0257884522908719e+03 0. 6.4350000000000000e+02 0.
    2.0257884522908719e+03 4.8150000000000000e+02 0. 0. 1.</data></Camera_Matrix>
<Distortion_Coefficients type_id="opencv-matrix">
  <rows>5</rows>
  <cols>1</cols>
  <dt>d</dt>
  <data>
    -9.4359504820135331e-01 2.3888409001639141e+00 0. 0.
    -6.8700997937751538e+00</data></Distortion_Coefficients>
<Avg_Reprojection_Error>3.4229629493873637e-01</Avg_Reprojection_Error>
<Per_View_Reprojection_Errors type_id="opencv-matrix">
  <rows>14</rows>
  <cols>1</cols>
  <dt>f</dt>
  <data>
    3.49121004e-01 2.67931372e-01 3.77562612e-01 3.35068196e-01
    3.69522244e-01 2.55656183e-01 2.86494195e-01 3.41956019e-01
    2.32990816e-01 3.45191240e-01 4.49233294e-01 3.67006332e-01
    3.73726457e-01 3.75899792e-01</data></Per_View_Reprojection_Errors>
<!-- a set of 6-tuples (rotation vector + translation vector) for each view -->
<Extrinsic_Parameters type_id="opencv-matrix">
  <rows>14</rows>
  <cols>6</cols>
  <dt>d</dt>
  <data>
    -2.4534976486968241e-01 1.0922850726316741e-01
    3.0797807712354004e+00 5.3315279162534608e+01 1.4127779529771249e+02
    1.7905683912776319e+03 -5.5894369066863725e-01
    8.1025071657763584e-02 3.0443298605864020e+00
    -3.4898619558034852e+02 1.4684690494059777e+02
    1.8479589624641010e+03 -5.4688894253716669e-01
    1.2776107858905486e-01 3.0015785834785800e+00
    -3.2937513457945840e+02 2.7639973523970394e+02
    1.7400573477806256e+03 -2.4186761632970602e-01
    2.7383812136505936e-01 3.0774420952838968e+00
    -5.8535731940306583e+01 2.8174810772813248e+02
    1.7468405082953225e+03 3.3720055443633595e-01 1.9403474087645176e-01
    3.1212593559998223e+00 1.7947359520588060e+02 2.9229912526716049e+02
    1.8207681422177991e+03 7.1111671885419725e-02 2.0783961779254334e-01
    3.1236237027291911e+00 2.6831728769029013e+02
    -1.9325491130455492e+02 2.0510021805928213e+03
    -1.6869759054635558e-01 2.5235648183892329e-01
    3.0840909180888372e+00 1.7467394301361097e+02 2.7850728570848943e+01
    2.3587520489070744e+03 -1.9083243633889452e-01
    6.1405368699800178e-02 3.1239816619225778e+00 1.8120497859144157e+02
    -2.0151607838204018e+02 2.0380802528913157e+03
    9.0445153033778702e-02 -1.8633775721337820e-01
    -3.1266707578032849e+00 -2.9328804707475314e+02
    3.3983416035953304e+01 2.1713155992011325e+03
    -3.1849556155480607e-01 6.2609268637736110e-02
    3.1207082263430750e+00 -2.8504490955371216e+02
    -2.1306029829357951e+02 2.2126631583950766e+03
    -1.2446419233649537e-01 9.2940896232370063e-02
    3.1002084952882192e+00 -3.3186280049850762e+02
    -1.4414127027281751e+02 1.6164447334421054e+03
    -1.4292367058509756e-01 1.8157068557063832e-01
    3.1219243107625525e+00 -2.7274103688208811e+02
    8.5082473453338864e+01 1.6603472771678505e+03 1.4096887715499398e-01
    -1.2548451155206247e-01 -3.1208581584946153e+00
    -4.2947242787208438e+01 -1.9356452273059952e+02
    1.7055713362761701e+03 2.0232032472625683e-01 2.6209959981137565e-01
    3.0995140622322443e+00 3.2237585988101222e+02
    -1.8860686049808575e+02 1.8066433697956147e+03</data></Extrinsic_Parameters>
<Image_points type_id="opencv-matrix">
  <rows>14</rows>
  <cols>70</cols>
  <dt>"2f"</dt>
  <data>
    7.03410950e+02 6.39655334e+02 6.81263794e+02 6.41325684e+02
    6.59241272e+02 6.42676453e+02 6.37105469e+02 6.43872620e+02
    6.14958252e+02 6.45655457e+02 5.92238403e+02 6.46803406e+02
    5.69503174e+02 6.47870483e+02 5.47218079e+02 6.49437744e+02
    5.24442993e+02 6.50244690e+02 5.01600403e+02 6.51493958e+02
    7.02025146e+02 6.17575500e+02 6.79960754e+02 6.19057373e+02
    6.57917053e+02 6.20271484e+02 6.35950928e+02 6.21635193e+02
    6.13394348e+02 6.23184509e+02 5.91190125e+02 6.24203186e+02
    5.68436462e+02 6.25541931e+02 5.45568176e+02 6.26634705e+02
    5.23175903e+02 6.27677124e+02 5.00512604e+02 6.28836792e+02
    7.01031067e+02 5.95429138e+02 6.79057251e+02 5.96457947e+02
    6.56863403e+02 5.97773804e+02 6.34617615e+02 5.99390869e+02
    6.12279968e+02 6.00329224e+02 5.89589661e+02 6.01665039e+02
    5.67181824e+02 6.02946045e+02 5.44474609e+02 6.03857544e+02
    5.21572388e+02 6.05313904e+02 4.99204956e+02 6.05860107e+02
    6.99349304e+02 5.73299683e+02 6.77398376e+02 5.74255920e+02
    6.55368530e+02 5.75622620e+02 6.33291199e+02 5.76835144e+02
    6.10827271e+02 5.77887390e+02 5.88475891e+02 5.79246826e+02
    5.65707886e+02 5.79906982e+02 5.43284973e+02 5.81417725e+02
    5.20534851e+02 5.82132263e+02 4.97654907e+02 5.83486511e+02
    6.98580322e+02 5.50814575e+02 6.76510376e+02 5.51759399e+02
    6.54284668e+02 5.53377869e+02 6.31651917e+02 5.54167969e+02
    6.09459595e+02 5.55508911e+02 5.87206604e+02 5.56347168e+02
    5.64948242e+02 5.57523071e+02 5.41844360e+02 5.58458740e+02
    5.19340332e+02 5.59577698e+02 4.96859436e+02 5.60700928e+02
    6.97108093e+02 5.28906738e+02 6.75040771e+02 5.29705200e+02
    6.53058899e+02 5.30943359e+02 6.30914246e+02 5.31689514e+02
    6.08454590e+02 5.32979309e+02 5.85764954e+02 5.33731323e+02
    5.63394531e+02 5.34895081e+02 5.41029114e+02 5.35759094e+02
    5.18216248e+02 5.37218018e+02 4.95438293e+02 5.37873779e+02
    6.95525879e+02 5.06490387e+02 6.73696716e+02 5.07502960e+02
    6.51507751e+02 5.08321198e+02 6.29417297e+02 5.09434540e+02
    6.07343750e+02 5.10101257e+02 5.85002014e+02 5.11457214e+02
    5.62368347e+02 5.11954285e+02 5.39533752e+02 5.13550598e+02
    5.17280457e+02 5.14233887e+02 4.94625122e+02 5.15351257e+02
    2.75107697e+02 6.36156372e+02 2.55018082e+02 6.37303162e+02
    2.35152756e+02 6.38160156e+02 2.15292633e+02 6.39148315e+02
    1.95627563e+02 6.39790649e+02 1.75767868e+02 6.40857178e+02
    1.56284531e+02 6.41352173e+02 1.36775314e+02 6.42134705e+02
    1.17475060e+02 6.42774597e+02 9.82868347e+01 6.43209473e+02
    2.73526550e+02 6.15399841e+02 2.53525726e+02 6.16098083e+02
    2.33561447e+02 6.17159912e+02 2.13758469e+02 6.17814636e+02
    1.94003891e+02 6.18858582e+02 1.74239365e+02 6.19469666e+02
    1.54670166e+02 6.20402222e+02 1.35339355e+02 6.21118103e+02
    1.15894554e+02 6.21578430e+02 9.67464447e+01 6.22102539e+02
    2.71959564e+02 5.94229980e+02 2.51997131e+02 5.95253906e+02
    2.32149780e+02 5.95926208e+02 2.12310364e+02 5.96986877e+02
    1.92474182e+02 5.97549744e+02 1.72857330e+02 5.98475830e+02
    1.53262955e+02 5.99171326e+02 1.33881241e+02 5.99769531e+02
    1.14442375e+02 6.00519836e+02 9.54760437e+01 6.01062805e+02
    2.70611420e+02 5.73509827e+02 2.50613678e+02 5.74168091e+02
    2.30859406e+02 5.75184509e+02 2.11012207e+02 5.75804871e+02
    1.91309082e+02 5.76686401e+02 1.71486862e+02 5.77322815e+02
    1.51941467e+02 5.77851257e+02 1.32419846e+02 5.78546387e+02
    1.13180626e+02 5.79262756e+02 9.41027603e+01 5.79816467e+02
    2.69615326e+02 5.52319397e+02 2.49573868e+02 5.53308533e+02
    2.29699799e+02 5.53946777e+02 2.09765350e+02 5.54732727e+02
    1.90029068e+02 5.55423950e+02 1.70297058e+02 5.56162598e+02
    1.50918198e+02 5.56698608e+02 1.31403564e+02 5.57527710e+02
    1.12098976e+02 5.57976990e+02 9.30789642e+01 5.58848938e+02
    2.68301239e+02 5.31656982e+02 2.48345795e+02 5.32323364e+02
    2.28571472e+02 5.33146912e+02 2.08775192e+02 5.33553101e+02
    1.89089691e+02 5.34442566e+02 1.69512344e+02 5.35200623e+02
    1.49970261e+02 5.35708557e+02 1.30412888e+02 5.36311707e+02
    1.11321198e+02 5.37162598e+02 9.21761932e+01 5.37802307e+02
    2.67526001e+02 5.10625885e+02 2.47564896e+02 5.11415222e+02
