<?xml version="1.0"?>
<opencv_storage>
<calibration_Time>"Tue Mar  7 00:56:54 2017"</calibration_Time>
<nrOfFrames>14</nrOfFrames>
<image_Width>1288</image_Width>
<image_Height>964</image_Height>
<board_Width>10</board_Width>
<board_Height>7</board_Height>
<square_Size>20.</square_Size>
<FixAspectRatio>1.</FixAspectRatio>
<!-- flags:  +fix_aspectRatio +fix_principal_point +zero_tangent_dist -->
<flagValue>14</flagValue>
<Camera_Matrix type_id="opencv-matrix">
  <rows>3</rows>
  <cols>3</cols>
  <dt>d</dt>
  <data>
    1.2216681516193137e+03 0. 6.4350000000000000e+02 0.
    1.2216681516193137e+03 4.8150000000000000e+02 0. 0. 1.</data></Camera_Matrix>
<Distortion_Coefficients type_id="opencv-matrix">
  <rows>5</rows>
  <cols>1</cols>
  <dt>d</dt>
  <data>
    -4.9061063807073829e-01 3.9389001483832636e-01 0. 0.
    -2.2028273719557151e-01</data></Distortion_Coefficients>
<Avg_Reprojection_Error>2.7041476231308859e-01</Avg_Reprojection_Error>
<Per_View_Reprojection_Errors type_id="opencv-matrix">
  <rows>14</rows>
  <cols>1</cols>
  <dt>f</dt>
  <data>
    3.19775522e-01 1.97915882e-01 1.90943390e-01 1.94734484e-01
    2.66428441e-01 2.60600388e-01 2.57017821e-01 3.59469384e-01
    2.70661622e-01 2.61618942e-01 2.43959144e-01 3.37797254e-01
    2.94602782e-01 2.67658204e-01</data></Per_View_Reprojection_Errors>
<!-- a set of 6-tuples (rotation vector + translation vector) for each view -->
<Extrinsic_Parameters type_id="opencv-matrix">
  <rows>14</rows>
  <cols>6</cols>
  <dt>d</dt>
  <data>
    2.7785705795323086e-02 -3.1681313362812630e-02
    -3.1104341276413012e+00 3.2272436238178796e+02
    1.2974409825595851e+02 7.7520451109753071e+02
    -7.6063576763089308e-02 5.7753130143919588e-03
    -3.0936119833928819e+00 2.8996890444405392e+02
    1.1701583851713183e+02 1.1244264292849407e+03 2.9745914347878755e-01
    -1.9204292048518617e-02 -3.0659902902846121e+00
    -1.0436850850474983e+02 2.7735883766938463e+02
    1.1568456231432501e+03 7.1023894375054586e-01 1.2965044836503056e-01
    -3.0313887349536133e+00 -3.1437258671919381e+02
    -2.6829236330436352e+01 1.1132331481711901e+03
    -8.6570536777290685e-01 3.5717627398504981e-02
    2.9326288517913377e+00 -3.2100696018651973e+02
    -1.5574254727124097e+02 1.1225067602934394e+03
    -4.6008147308891234e-01 -1.3374013465039802e-01
    3.0743920413259223e+00 -1.6316672268557332e+02
    -1.4982158615830329e+02 1.4169990327678966e+03
    4.8378180718707614e-01 2.2925154514205207e-01
    -3.0804413368300061e+00 -1.8166859641030078e+02
    -2.6547819816913193e+02 1.4311104253419740e+03
    -5.9693227350030398e-01 1.4876689008303759e-01
    3.0424819784584938e+00 -1.0435124773889409e+02
    -2.4327544466626080e+02 1.0143626081672182e+03
    -6.1831329399847604e-02 -2.1029687845378363e-02
    3.0959304128332521e+00 1.9534113644254774e+02
    -2.2638563918620841e+02 1.0945965040035446e+03
    -6.2445054588283287e-03 -9.5701687632871874e-02
    -3.1322843966037883e+00 4.0242844190685020e+02
    -2.0369563543699363e+02 1.1599584347782363e+03
    -5.2356578765537221e-01 -2.5550232845317444e-01
    -3.0421047578101446e+00 3.5156041198928847e+02
    9.4335709414130847e+01 1.2246948535755262e+03
    -4.2304891361724417e-01 1.8029754642355927e-01
    3.0958327934177645e+00 1.2808670629378017e+02 1.2768649633687552e+02
    9.2814081507843503e+02 -3.3075058002565205e-01
    -2.8579979983522363e-01 3.0705466863768538e+00
    1.4232229079457778e+02 -1.7597822631115906e+02
    9.0226509122165555e+02 -2.3386833808275106e-01
    6.9517460286314073e-02 3.1094914689170676e+00 2.3173586095116633e+02
    6.3730062945792596e+01 1.2919885940098866e+03</data></Extrinsic_Parameters>
<Image_points type_id="opencv-matrix">
  <rows>14</rows>
  <cols>70</cols>
  <dt>"2f"</dt>
  <data>
    1.10923413e+03 6.68974243e+02 1.08412195e+03 6.69557617e+02
    1.05818066e+03 6.70170654e+02 1.03196887e+03 6.70795105e+02
    1.00578107e+03 6.71570007e+02 9.77847168e+02 6.71756042e+02
    9.49789490e+02 6.71751953e+02 9.21582275e+02 6.72280823e+02
    8.92509338e+02 6.72412476e+02 8.62857605e+02 6.71946655e+02
    1.11111731e+03 6.40119690e+02 1.08566248e+03 6.40733276e+02
    1.06028101e+03 6.41298096e+02 1.03451917e+03 6.41618469e+02
    1.00766406e+03 6.41968445e+02 9.80093506e+02 6.42271118e+02
    9.51629700e+02 6.42203125e+02 9.23337646e+02 6.42241943e+02
    8.93943176e+02 6.42181335e+02 8.64667358e+02 6.41784363e+02
    1.11253760e+03 6.11484985e+02 1.08770935e+03 6.11644897e+02
    1.06210571e+03 6.11913147e+02 1.03579126e+03 6.11997070e+02
    1.00941058e+03 6.12344971e+02 9.81836731e+02 6.12346252e+02
    9.53607971e+02 6.12264160e+02 9.24887146e+02 6.11934937e+02
    8.95605408e+02 6.11648499e+02 8.65807861e+02 6.11410217e+02
    1.11384558e+03 5.82444519e+02 1.08914099e+03 5.82647034e+02
    1.06372266e+03 5.82740295e+02 1.03748645e+03 5.82676697e+02
    1.01024841e+03 5.82420288e+02 9.83274536e+02 5.82323364e+02
    9.55451294e+02 5.81883972e+02 9.26419067e+02 5.81555298e+02
    8.97323853e+02 5.81369446e+02 8.67484863e+02 5.80925659e+02
    1.11595300e+03 5.53662842e+02 1.09119519e+03 5.53418030e+02
    1.06540625e+03 5.53333740e+02 1.03897778e+03 5.52962952e+02
    1.01164526e+03 5.52531372e+02 9.84195618e+02 5.51899292e+02
    9.56422424e+02 5.51571655e+02 9.27672913e+02 5.51282471e+02
    8.98280518e+02 5.50699524e+02 8.68353882e+02 5.49797607e+02
    1.11628271e+03 5.24962708e+02 1.09143616e+03 5.24212891e+02
    1.06579187e+03 5.23569031e+02 1.03977490e+03 5.23231079e+02
    1.01322644e+03 5.22617310e+02 9.85569702e+02 5.21749146e+02
    9.57532043e+02 5.21409668e+02 9.28525574e+02 5.20821533e+02
    8.99326172e+02 5.19744507e+02 8.69585083e+02 5.19427979e+02
    1.11723926e+03 4.95720886e+02 1.09264709e+03 4.95066193e+02
    1.06667188e+03 4.93981903e+02 1.04079565e+03 4.93259094e+02
    1.01365448e+03 4.92425018e+02 9.86008545e+02 4.91568848e+02
    9.57994995e+02 4.90981750e+02 9.29296387e+02 4.89947174e+02
    8.99841125e+02 4.89384338e+02 8.70411682e+02 4.88424957e+02
    9.47461121e+02 6.04171021e+02 9.27345886e+02 6.03574402e+02
    9.07138306e+02 6.03049133e+02 8.86598694e+02 6.02247253e+02
    8.66076782e+02 6.01596558e+02 8.45487183e+02 6.01078308e+02
    8.24459412e+02 5.99722351e+02 8.03607605e+02 5.99361450e+02
    7.82548584e+02 5.98361633e+02 7.61496765e+02 5.97286743e+02
    9.48768311e+02 5.83397034e+02 9.28530518e+02 5.82671143e+02
    9.08353210e+02 5.81836182e+02 8.88166016e+02 5.81459534e+02
    8.67617249e+02 5.80708557e+02 8.46981934e+02 5.79633789e+02
    8.25744324e+02 5.79058899e+02 8.05041016e+02 5.77848450e+02
    7.83610229e+02 5.77249878e+02 7.62556885e+02 5.76120422e+02
    9.49806335e+02 5.62345093e+02 9.29950378e+02 5.61575623e+02
    9.09756836e+02 5.61087402e+02 8.89455139e+02 5.60098816e+02
    8.68995483e+02 5.59456787e+02 8.47974731e+02 5.58728699e+02
    8.27323608e+02 5.57535828e+02 8.05958130e+02 5.56895874e+02
    7.85073853e+02 5.55727539e+02 7.63767151e+02 5.55015625e+02
    9.51239990e+02 5.41455139e+02 9.31310669e+02 5.40721863e+02
    9.11141663e+02 5.39700500e+02 8.90496216e+02 5.39184387e+02
    8.69745117e+02 5.38088257e+02 8.49404480e+02 5.37371033e+02
    8.28263000e+02 5.36476440e+02 8.07478760e+02 5.35391357e+02
    7.85928772e+02 5.34602295e+02 7.64997192e+02 5.33436707e+02
    9.52629639e+02 5.20466003e+02 9.32516724e+02 5.19503113e+02
    9.12171753e+02 5.18928894e+02 8.91610291e+02 5.17636108e+02
    8.71164551e+02 5.17060364e+02 8.50224487e+02 5.15778320e+02
    8.29496460e+02 5.15271423e+02 8.08297913e+02 5.13904114e+02
    7.87455383e+02 5.13302246e+02 7.65889404e+02 5.12023926e+02
    9.53524231e+02 4.99530029e+02 9.33395081e+02 4.98594177e+02
    9.13341187e+02 4.97490631e+02 8.92690430e+02 4.96691101e+02
    8.71960999e+02 4.95598541e+02 8.51474792e+02 4.94885498e+02
    8.30458740e+02 4.93604401e+02 8.09512451e+02 4.93072968e+02
    7.88115784e+02 4.91689117e+02 7.67266724e+02 4.91143341e+02
    9.54519592e+02 4.78481079e+02 9.34489868e+02 4.77417084e+02
